Timestamp,Confidence,Diameter,Event
-873561.053429,0.8848537802696228,1.1214951235737147,default
-873561.0454310001,0.8010936975479126,1.1404215425871516,default
-873561.037345,0.819447934627533,1.0971975616214853,default
-873561.02932,0.7569716572761536,1.1445951882531435,default
-873561.021369,0.9729971289634705,1.109777160397135,default
-873561.013366,0.8420552015304565,1.1062748184757005,default
-873561.005438,0.8227468132972717,1.1028793901696048,default
-873560.997217,0.8547376990318298,1.1208561864006255,default
-873560.989427,0.8288180828094482,1.1703473801477258,default
-873560.981382,0.8184366226196289,1.0939555929497504,default
-873560.973256,0.7721352577209473,1.1593165322229484,default
-873560.961391,0.900107741355896,1.0948991393168908,default
-873560.95343,0.7555855512619019,1.0992111066564196,default
-873560.945423,0.8089671730995178,1.0868380156718862,default
-873560.937348,0.7636359930038452,1.108097200290929,default
-873560.929401,0.3312118789418813,1.1877924917811993,default
-873560.921323,0.7846679202195094,1.1894874924194099,default
-873560.91339,0.38020979775075614,1.5059590769684936,default
-873560.905325,0.9657984436492617,1.5927790106774444,default
-873560.897401,0.8472556328682159,1.2639608219607266,default
-873560.889332,0.4039976686588264,1.3216482208765115,default
-873560.8809260001,0.7524663209915161,1.6128056705127238,default
-873560.873412,0.4098900232096621,1.2186986178110768,default
-873560.8651630001,0.36254767969508483,1.2581316896745118,default
-873560.8498130001,0.43850617958734783,1.299139219028063,default
-873560.836499,0.2640629278598821,1.075717478082245,default
-873560.8299830001,0.3478407701472682,1.0432088660421956,default
-873560.819115,0.21531725434442417,1.493635623941855,default
-873560.811562,0.34158772696353257,1.248284207715797,default
-873560.802882,0.3693830563634382,1.3380320900897447,default
-873560.797208,0.42013226125588793,1.305109057851606,default
-873560.7888870001,0.5362037646319675,1.1828576255201666,default
-873560.782186,0.8787062519930432,0.9242890786200655,default
-873560.775635,0.5372978914900617,1.342004770561596,default
-873560.766697,0.48374217063264224,1.3745721781297227,default
-873560.759026,0.5463554293933486,1.3989495858191776,default
-873560.752843,0.7628812789916992,1.2092077207129122,default
-873560.745389,0.4771015136755438,1.337626788332996,default
-873560.736495,0.9089807271957397,1.086733697252809,default
-873560.729451,0.8191813826560974,1.065156190198802,default
-873560.721359,0.8667399883270264,1.0786228107785973,default
-873560.713357,0.8525923490524292,1.0287220835124788,default
-873560.705326,0.7840667366981506,1.042265842292287,default
-873560.697424,0.8346183896064758,1.055805671253442,default
-873560.689364,0.44103768937489934,1.6168491092479136,default
-873560.681465,1.0,1.0970975382804573,default
-873560.673455,0.8204020261764526,1.0781240300993264,default
-873560.6654,0.872412383556366,1.0681542085265003,default
-873560.657474,0.9171245098114014,1.046363909497337,default
-873560.649304,0.8244034051895142,1.0643010865300915,default
-873560.641289,0.8015717267990112,1.0729415655060635,default
-873560.633382,0.8573775887489319,1.0954804225580186,default
-873560.625233,0.8943173289299011,1.0982813229654393,default
-873560.617346,0.920030415058136,1.0784723266007923,default
-873560.609463,0.9295936822891235,1.1313451761024553,default
-873560.601468,0.8899004459381104,1.147266333244298,default
-873560.593387,0.8962220549583435,1.1294445520245415,default
-873560.585413,0.825153648853302,1.081004972342705,default
-873560.577358,0.8905309438705444,1.1011346963320836,default
-873560.569331,0.8126192092895508,1.1026955035971375,default
-873560.561357,0.8958356976509094,1.09743451693984,default
-873560.553437,0.8715951442718506,1.1048686495643287,default
-873560.545434,0.85200035572052,1.1140301031357995,default
-873560.537314,0.8247764110565186,1.1092322681664055,default
-873560.529447,0.0,-0.06939442026210951,default
-873560.521247,0.9037414789199829,1.1044536100750886,default
-873560.513434,0.9334646463394165,1.113374202140843,default
-873560.505305,0.9595901966094971,1.1294084639863473,default
-873560.493352,0.9013460278511047,1.120503868560109,default
-873560.485395,0.850095808506012,1.1108112949088778,default
-873560.477353,0.9318636655807495,1.1230415219074201,default
-873560.469421,0.9484224915504456,1.1097913273451958,default
-873560.461254,0.8704718947410583,1.1300620148753149,default
-873560.453135,0.8531266450881958,1.1170450407433279,default
-873560.445421,0.923149585723877,1.1250702757381252,default
-873560.43715,0.920255184173584,1.1245899635570926,default
-873560.429352,0.7950639128684998,1.1174419803751823,default
-873560.42143,0.8392090201377869,1.117817486778054,default
-873560.4132300001,0.8919990062713623,1.1102575194958106,default
-873560.405398,0.8108258843421936,1.144595230428704,default
-873560.3973450001,0.8159248232841492,1.1264866987663766,default
-873560.38945,0.8599068522453308,1.134799971116272,default
-873560.3809860001,0.750994861125946,1.1312275172037038,default
-873560.373346,0.8336803913116455,1.1462403872620825,default
-873560.365059,0.8413286209106445,1.1271299176489706,default
-873560.35737,0.8321683406829834,1.1458966052254524,default
-873560.348296,0.7961524724960327,1.1308460199846389,default
-873560.341325,0.8723680377006531,1.1240623853881622,default
-873560.333369,0.8514158129692078,1.1524159615315317,default
-873560.325365,0.990348756313324,1.209190381678026,default
-873560.317424,0.8998573422431946,1.160077139922894,default
-873560.309286,0.8690119385719299,1.1817903794302524,default
-873560.301356,0.965447723865509,1.1688807300944384,default
-873560.293192,1.0,1.1775369907838993,default
-873560.285444,0.8164315819740295,1.1718961046241843,default
-873560.277349,0.877190887928009,1.1298580941652276,default
-873560.269462,0.9080336093902588,1.171777049077976,default
-873560.261457,0.9181012511253357,1.1825133615471168,default
-873560.253441,0.8857236504554749,1.164901144688503,default
-873560.2453770001,0.9142428636550903,1.1702170734343058,default
-873560.237409,0.9386977553367615,1.1517377597176877,default
-873560.22939,0.9231603741645813,1.144123326663124,default
-873560.2214340001,0.9638996720314026,1.1709726999155157,default
-873560.213337,0.8804306387901306,1.1738263212216098,default
-873560.205234,0.8788238167762756,1.1783010629170416,default
-873560.197182,0.9085114002227783,1.1668275318326837,default
-873560.189273,0.9376988410949707,1.1847289864254043,default
-873560.1812410001,0.8889331221580505,1.1381639441778701,default
-873560.173282,0.9315564036369324,1.1716634497767604,default
-873560.1654,0.956639289855957,1.167450876766111,default
-873560.157055,0.951400876045227,1.2000723011184689,default
-873560.149292,0.910198450088501,1.1772289573933024,default
-873560.1414140001,0.8901556730270386,1.1397331008540275,default
-873560.133184,0.8371620178222656,1.1343229033261863,default
-873560.125367,0.953525185585022,1.1451175456264253,default
-873560.117197,0.9229308366775513,1.1489881930098074,default
-873560.10935,0.7936794757843018,1.1622519864375667,default
-873560.101364,0.9274360537528992,1.157552305158791,default
-873560.093398,0.8883273601531982,1.2106621844353969,default
-873560.085444,0.8590997457504272,1.184064432710222,default
-873560.077326,0.8075418472290039,1.1854937666635204,default
-873560.069483,0.8814157247543335,1.1861950751936519,default
-873560.061411,0.9402147531509399,1.2383045856399981,default
-873560.0532890001,0.7757003307342529,1.1730639351357794,default
-873560.045411,0.904883623123169,1.1706552609280325,default
-873560.037265,0.8780941963195801,1.1937036694534608,default
-873560.02543,0.9016203880310059,1.2004149282727363,default
-873560.017222,0.8899135589599609,1.1962809886642538,default
-873560.009312,0.8604038953781128,1.2192245524933982,default
-873559.999376,0.770135223865509,1.207298080071518,default
-873559.990333,0.7917196154594421,1.2173082015464347,default
-873559.982495,0.8436009883880615,1.1952393623245157,default
-873559.970162,0.8597050309181213,1.2595341150081731,default
-873559.9609920001,0.6,1.2473112746059054,default
-873559.9456730001,0.46782254060379014,1.2858813360975847,default
-873559.9277240001,0.6,1.2706613594834049,default
-873559.912377,0.6,1.292641515121407,default
-873559.898908,0.6,1.2550262550661149,default
-873559.887733,0.6,1.283986422660623,default
-873559.872207,0.6,1.2845127703838215,default
-873559.855743,0.6,1.2894637890592917,default
-873559.8406850001,0.3634008726256102,1.4689531385099586,default
-873559.823128,0.3231777787648617,1.0989244605237585,default
-873559.813363,0.2804972260856904,1.2888599301311348,default
-873559.803154,0.884625490790147,1.7942836963229967,default
-873559.794595,0.2505960901809523,1.203407369261337,default
-873559.782394,0.41091811290173536,1.289801066724261,default
-873559.766244,0.2443291701867314,1.3706892363429874,default
-873559.752357,0.38493119040908325,1.4884693948839471,default
-873559.744818,0.7160386459996916,1.7420812936417378,default
-873559.735901,0.3344672574281873,1.1201732546403318,default
-873559.724037,0.33901463883010013,1.4350136395094442,default
-873559.710883,0.4290407070479036,1.3584452673430456,default
-873559.6929660001,0.2958988874395407,1.2397735460211026,default
-873559.681648,0.22608955492909805,1.2870462513137784,default
-873559.672856,0.23629168479939713,1.3858600233366989,default
-873559.657067,0.283724456287676,1.3522121663807418,default
-873559.64773,0.2705026532023825,1.3134542003390028,default
-873559.640616,0.29909076388057204,1.177095209615017,default
-873559.63037,0.731353782827494,0.9846442195979268,default
-873559.620846,0.705282986164093,1.1023558859001867,default
-873559.615614,0.4651058075282929,1.2710770888179699,default
-873559.600854,0.7027902603149414,1.2149468618410584,default
-873559.591197,0.7426063418388367,1.2507039491987966,default
-873559.585419,0.3584620949254626,1.3733412573199146,default
-873559.5772920001,0.37364995262860606,1.4320532485228612,default
-873559.567333,0.35960206702479486,1.4739800939011594,default
-873559.556444,0.3748893785255008,1.5088938903924234,default
-873559.546095,0.3617607290832295,1.5400253883552057,default
-873559.528347,0.31478144436178,1.3930827460549535,default
-873559.514394,0.38703598624746594,1.2512274321748063,default
-873559.499472,0.35299610958131655,1.502456748345394,default
-873559.48279,0.41730955144273085,1.4851359070077543,default
-873559.466577,0.4099090112800929,1.4376943792386454,default
-873559.456863,0.35425689803147237,1.4214633232346525,default
-873559.446521,0.36436828702046337,1.4975658322530303,default
-873559.439126,0.35383949050725233,1.4232113573716325,default
-873559.430213,0.4188703995952243,1.3981052673661254,default
-873559.422323,0.99,1.1618480506940223,default
-873559.4160130001,0.8550573409904475,0.8368989056016751,default
-873559.408778,0.5427496759363178,1.4784220439103146,default
-873559.399128,0.6,1.2583809431219,default
-873559.392428,0.6,1.3609193285390049,default
-873559.385308,0.6,1.1705932979602802,default
-873559.378064,0.5759831851992705,1.300997726952522,default
-873559.3704370001,0.5715263250295024,1.2101985612527204,default
-873559.3605000001,0.6,1.280839006030471,default
-873559.353082,0.5606361725648676,1.209660186505324,default
-873559.344427,0.6,1.283862107350374,default
-873559.334238,0.5351892628833248,1.2307755063486927,default
-873559.325375,0.9891146685030596,1.0262669420430752,default
-873559.317391,0.3481162714803124,1.1458644154758213,default
-873559.309368,0.2653624140304249,1.212105663940533,default
-873559.3012570001,0.45603899000580994,1.2009248496514329,default
-873559.292843,0.3442553433444551,1.2151960852195134,default
-873559.285472,0.37558002298593746,1.0971429240501136,default
-873559.277333,0.4104777472877812,1.1321144864356247,default
-873559.266667,0.38935658408293244,1.0872288059434383,default
-873559.253826,0.37676679207248737,1.0888998488885946,default
-873559.239686,0.25471292883389857,1.1846325506230029,default
-873559.230903,0.3726715863312008,1.2099735648012557,default
-873559.219959,0.2630684604924351,1.0130365389910918,default
-873559.212533,0.3381330942708382,1.0983025169904703,default
-873559.203127,0.3635420208448788,1.183546018496207,default
-873559.193833,0.397549629442692,1.0832976557629088,default
-873559.182865,0.2604501635167132,1.341828732626988,default
-873559.1721590001,0.49551126098405895,0.9034953549324434,default
-873559.160512,0.3298432795404877,1.1167431378109787,default
-873559.150232,0.3111529691066935,1.0448777223712473,default
-873559.140729,0.19884694804413047,1.499781801084151,default
-873559.127469,0.3169545316383186,1.1686681639857195,default
-873559.113586,0.4357351728088535,1.0964836109774443,default
-873559.101822,0.36626666614091347,1.238105668963145,default
-873559.087387,0.32123607975326524,1.3801162434540517,default
-873559.07191,0.3464512149340316,1.150662980126803,default
-873559.060121,0.33519738550145045,1.1728386209590522,default
-873559.048308,0.34968157872736144,1.1773014748457706,default
-873559.034333,0.3265727841131371,1.2159401254568256,default
-873559.019742,0.2546535732896787,1.1537582268788262,default
-873559.007071,0.38098958624343227,1.084848825014972,default
-873558.992159,0.99,1.1996565571242157,default
-873558.978443,0.838912308216095,1.2023558487792605,default
-873558.968617,0.8036991357803345,1.1908937440819978,default
-873558.9603,0.9505025744438171,1.222358403701783,default
-873558.951371,0.8833037614822388,1.2452819747205357,default
-873558.943084,0.985479474067688,1.2362175255969943,default
-873558.937191,0.9696680903434753,1.248049366036367,default
-873558.929463,0.9971101880073547,1.26599100213212,default
-873558.921357,1.0,1.2819729902593773,default
-873558.913389,0.9439725279808044,1.3019117490626844,default
-873558.905377,0.9745228290557861,1.174106721092155,default
-873558.897288,0.8621672987937927,1.1715865825886054,default
-873558.889354,0.9234023094177246,1.1713516360168095,default
-873558.8811400001,0.9306201934814453,1.1692122616636587,default
-873558.873457,0.9592064023017883,1.1429254437927616,default
-873558.865006,0.9742672443389893,1.17520816628519,default
-873558.856853,0.9010187387466431,1.1469795545653843,default
-873558.848595,1.0,1.1526119813937532,default
-873558.839687,1.0,1.1414253023882361,default
-873558.8314050001,0.9780990481376648,1.146627654298059,default
-873558.819826,1.0,1.1451057401155813,default
-873558.807434,0.9506347179412842,1.1458999467416948,default
-873558.798726,1.0,1.130809782745633,default
-873558.790327,1.0,1.1346221041395883,default
-873558.781997,1.0,1.1410438272532573,default
-873558.770152,1.0,1.1311729024649702,default
-873558.757931,0.9329776167869568,1.1407471660097186,default
-873558.748981,0.8259343504905701,1.1442181945513648,default
-873558.738351,0.9132121801376343,1.1387659308130047,default
-873558.729589,0.9310465455055237,1.1424818676039394,default
-873558.7205320001,0.9554485082626343,1.1256019542794498,default
-873558.709416,1.0,1.1208502879670603,default
-873558.700637,0.8953278064727783,1.1404633263635002,default
-873558.691454,0.8920467495918274,1.1439214166636784,default
-873558.681893,0.8403497934341431,1.1718738150736043,default
-873558.673772,0.3706327657708018,1.513276077639115,default
-873558.661339,0.3289604572658854,1.5348043209973037,default
-873558.645544,0.3399451729508072,1.116727819638641,default
-873558.631768,0.383757794381042,1.4142896189159622,default
-873558.620398,0.3470367104460994,1.0931884937776304,default
-873558.605203,0.2871187904509347,1.378644720662629,default
-873558.595598,0.39582130268937465,1.4462734167962736,default
-873558.583298,0.42118733667448216,1.4271513509603815,default
-873558.574257,0.36363449264655695,1.0441112879645402,default
-873558.563167,0.3227510259642375,1.1318179632949512,default
-873558.5504450001,0.8253083825111389,1.204832432712145,default
-873558.540962,0.8183269500732422,1.1251214753344927,default
-873558.529811,0.8642817735671997,1.1155514102522157,default
-873558.519874,0.8477141857147217,1.103178742362156,default
-873558.508737,0.803997814655304,1.1102511291021822,default
-873558.500533,0.8583822250366211,1.1030403275047709,default
-873558.492829,0.8671321272850037,1.1034595795271294,default
-873558.482446,0.8431898355484009,1.131500645478976,default
-873558.476043,0.8885931968688965,1.1464626346061912,default
-873558.469384,0.7983928322792053,1.1290758318617793,default
-873558.4612510001,0.7911580801010132,1.1029904796718033,default
-873558.4533780001,0.8046198487281799,1.1108117809441027,default
-873558.4453210001,0.7959046959877014,1.1319649827760987,default
-873558.437287,0.8717859983444214,1.123966006204408,default
-873558.429315,0.9226829409599304,1.154912146267109,default
-873558.420536,0.9938550591468811,1.1471892718685903,default
-873558.410287,0.8410871028900146,1.1310620966538876,default
-873558.40139,0.9430816173553467,1.1233802756116544,default
-873558.39388,0.9067494869232178,1.1332159649532692,default
-873558.388582,0.8300504684448242,1.1104405427797799,default
-873558.381265,0.7998533248901367,1.1177562635436327,default
-873558.373341,0.9110361337661743,1.1314851942816162,default
-873558.3643060001,0.7266761064529419,1.123391043170498,default
-873558.357239,0.9266993999481201,1.1410516336686256,default
-873558.349291,0.9095412492752075,1.1459986762909695,default
-873558.338379,0.9234516620635986,1.1214349790015499,default
-873558.3300750001,0.8238996863365173,1.1556641981687168,default
-873558.319503,0.8713390231132507,1.1764713708459777,default
-873558.3086400001,0.9235787987709045,1.1487438767248959,default
-873558.3013470001,0.9488410949707031,1.1467561798665455,default
-873558.293258,0.9433860778808594,1.1584008533871608,default
-873558.28485,0.8917301893234253,1.1519389990862243,default
-873558.273668,0.7253432869911194,1.161491524311069,default
-873558.2595940001,0.9394086003303528,1.1728114666194323,default
-873558.247589,0.8240118026733398,1.1785833485725554,default
-873558.2385120001,0.931079626083374,1.1682682985261175,default
-873558.2282,0.8880974650382996,1.1599880088161179,default
-873558.219301,0.9451643228530884,1.1708078513318814,default
-873558.209321,0.8986428380012512,1.1661255302190399,default
-873558.205312,0.783051609992981,1.213913223219599,default
-873558.197424,0.8739107847213745,1.1656944114362466,default
-873558.189437,0.6,1.1961662930636523,default
-873558.17674,0.8380919798124796,1.4138200955484717,default
-873558.167782,0.3981243223477311,1.554080134610964,default
-873558.158102,0.39331364993016765,1.396569501723612,default
-873558.148585,0.4255499184512631,1.2822764244958886,default
-873558.138076,0.45215764897731003,1.319929726155261,default
-873558.126442,0.38547147063586207,1.3882374219886136,default
-873558.117096,0.99,1.03277629766411,default
-873558.1076560001,0.43111539907630486,1.5971458473197369,default
-873558.096442,0.6,1.5368099439001428,default
-873558.087045,0.5620196254982376,1.3866997246966108,default
-873558.076928,0.6,1.4563857990399276,default
-873558.066149,0.6,1.4927169494547838,default
-873558.055844,0.5429851527336245,1.480032774858775,default
-873558.046759,0.7750858087274339,0.8991570706920862,default
-873558.034324,0.5462012532775192,1.4496973163195488,default
-873558.016495,0.5081459018166483,1.416968878809167,default
-873558.006365,0.48062071862982386,1.4071961559505257,default
-873557.990552,0.6,1.4441644030759013,default
-873557.975242,0.897042989730835,1.2030298779026989,default
-873557.963738,0.9540507197380066,1.264477088985204,default
-873557.956393,0.7994375228881836,1.256899462770885,default
-873557.947176,0.8605707287788391,1.2432945780792437,default
-873557.938001,0.9138109683990479,1.2155497806367848,default
-873557.929854,0.7735156416893005,1.2218118878381121,default
-873557.9221,0.8006981015205383,1.2110648242044744,default
-873557.918442,1.0,1.2242732994920122,default
-873557.913311,0.8515946865081787,1.195467104677065,default
-873557.905406,0.8163344860076904,1.2222392174528385,default
-873557.897469,0.8875377178192139,1.2609126281098644,default
-873557.889233,0.910023033618927,1.2649257573318482,default
-873557.8795800001,0.9049935936927795,1.2149475975244965,default
-873557.870909,0.9500207304954529,1.2165539383428539,default
-873557.860276,0.8092659115791321,1.215242822699706,default
-873557.851468,0.9061444401741028,1.2167872096927415,default
-873557.842256,0.8039461970329285,1.2258470820637735,default
-873557.833401,0.7775879502296448,1.2422304208054644,default
-873557.826051,1.0,1.2514995213843538,default
-873557.817754,0.9302119612693787,1.246241376557783,default
-873557.809277,0.7849598526954651,1.259902019231896,default
-873557.800811,0.9532327055931091,1.2518683564507738,default
-873557.7933060001,0.9059262871742249,1.2648847398706664,default
-873557.785342,0.9277913570404053,1.2547157867327514,default
-873557.777434,0.9347186088562012,1.2894874911607581,default
-873557.7694410001,0.9386415481567383,1.2610837133973565,default
-873557.761218,0.9676711559295654,1.2864044209314534,default
-873557.753087,0.8583239912986755,1.316872898999402,default
-873557.74233,0.9716482162475586,1.3386261426422963,default
-873557.735946,0.8895966410636902,1.326944340429733,default
-873557.7287730001,0.8769469261169434,1.3643503831610153,default
-873557.717557,0.9356963634490967,1.29742492465502,default
-873557.712328,0.8981375098228455,1.254545845073078,default
-873557.704682,0.8657258749008179,1.2520484208558882,default
-873557.693187,0.8523639440536499,1.2542288103079704,default
-873557.685102,0.8516331315040588,1.2610801022181835,default
-873557.675627,0.9458330273628235,1.246069452474445,default
-873557.668204,0.9980157017707825,1.2423577928038787,default
-873557.661369,0.8582239747047424,1.2603375117199471,default
-873557.653267,1.0,1.2518391639948825,default
-873557.644476,0.7184392213821411,1.2418575011553608,default
-873557.6355890001,0.9629155993461609,1.2372506026142407,default
-873557.625439,0.7878580093383789,1.23259838772284,default
-873557.616695,0.8410053849220276,1.2302644192363994,default
-873557.608455,0.8699498176574707,1.2209160820707425,default
-873557.598808,0.8900536298751831,1.2267608620874424,default
-873557.591692,0.8048252463340759,1.2471808340042676,default
-873557.580497,0.9012591242790222,1.2336922067497995,default
-873557.573336,0.9050784707069397,1.2135819779029084,default
-873557.5649700001,0.8632094264030457,1.2295234920508897,default
-873557.5559190001,0.8494473099708557,1.2556116339474785,default
-873557.548013,0.918886125087738,1.203023377076109,default
-873557.536509,0.927200198173523,1.2273197649671195,default
-873557.5291790001,0.9107972383499146,1.2080606453324854,default
-873557.520761,0.7653818130493164,1.2069986780198474,default
-873557.512558,0.930589497089386,1.1718930039835591,default
-873557.50512,0.9009637832641602,1.1893858609729122,default
-873557.500087,0.8845338225364685,1.2137054065292756,default
-873557.493176,0.9355777502059937,1.1989954805900997,default
-873557.4848,0.9325771331787109,1.1848972293329783,default
-873557.477222,0.8160730600357056,1.2120656388156807,default
-873557.469166,0.9740437269210815,1.169076592961586,default
-873557.460935,0.7985023260116577,1.1677165267350396,default
-873557.4533620001,0.8421339988708496,1.1940396605192651,default
-873557.445442,0.9152852892875671,1.2156575894740218,default
-873557.436898,0.918030321598053,1.2360014526665446,default
-873557.428199,0.9325647950172424,1.2463741242340443,default
-873557.420181,0.9113135933876038,1.1593383190582243,default
-873557.4115170001,1.0,1.1699886052344879,default
-873557.4036280001,0.9003755450248718,1.1845083919158332,default
-873557.395856,0.8092962503433228,1.2041805108936536,default
-873557.388943,1.0,1.2125185306567454,default
-873557.381095,0.856178343296051,1.231923954156918,default
-873557.37315,0.8855948448181152,1.2157156593647072,default
-873557.363717,0.9738508462905884,1.164027169710486,default
-873557.3555610001,0.925889790058136,1.1797314995467425,default
-873557.344423,0.8751147985458374,1.1700870170713933,default
-873557.337707,0.9075819849967957,1.1675480112045107,default
-873557.32843,0.8639600872993469,1.170915006905863,default
-873557.318784,0.9105918407440186,1.1755114975673924,default
-873557.309837,0.8862935304641724,1.1750565062586182,default
-873557.299363,0.8862586617469788,1.1772738498504776,default
-873557.292028,0.972863495349884,1.1569615075242825,default
-873557.285044,0.8654717803001404,1.1666855895323924,default
-873557.277304,0.8610460162162781,1.1786055691448407,default
-873557.269377,0.9246126413345337,1.1871454908465928,default
-873557.2591820001,0.8742215037345886,1.1949454303705167,default
-873557.249592,0.8785268068313599,1.162067727814002,default
-873557.244437,0.890845537185669,1.1749880434019597,default
-873557.233947,0.8585050702095032,1.15262387766859,default
-873557.225314,0.8502967953681946,1.163331895134986,default
-873557.217285,0.8052120208740234,1.160208978452649,default
-873557.209342,0.7439848184585571,1.1404461655717788,default
-873557.201332,0.770121157169342,1.1799770286394584,default
-873557.193109,0.8139994740486145,1.1871869666206742,default
-873557.185334,0.7596507668495178,1.1628746814608983,default
-873557.177288,0.7623096704483032,1.158836682673436,default
-873557.169319,0.8144989609718323,1.1518586258505472,default
-873557.161198,0.8716914653778076,1.1590883978176345,default
-873557.150834,0.7736427187919617,1.1666791471618212,default
-873557.143265,0.8297973275184631,1.1603040511675968,default
-873557.135406,0.8928792476654053,1.17820579658884,default
-873557.126383,0.9596380591392517,1.1615424188223868,default
-873557.119065,0.9210314750671387,1.1860260255351163,default
-873557.111773,0.8868172764778137,1.1565852281722409,default
-873557.104936,0.7652060985565186,1.1394309805721146,default
-873557.093266,0.9024272561073303,1.1594616413471073,default
-873557.0848910001,0.7379651665687561,1.1639592272824562,default
-873557.075499,0.9189596772193909,1.1708703779863256,default
-873557.069138,0.8785591721534729,1.1661059787057622,default
-873557.063542,0.7214902639389038,1.149635020811055,default
-873557.057271,0.8254042267799377,1.1595656446429974,default
-873557.048548,0.8671822547912598,1.1493450279796287,default
-873557.041068,0.844768762588501,1.1729155977462318,default
-873557.031633,0.8571881055831909,1.1460806482009227,default
-873557.0227270001,0.8794444799423218,1.1629569751517925,default
-873557.013453,0.8593571782112122,1.1555324040918813,default
-873557.005183,1.0,1.1555862199277365,default
-873556.9963240001,0.900286078453064,1.1615622074924716,default
-873556.987723,0.8559340238571167,1.155579191894045,default
-873556.974922,0.8236415386199951,1.179055972799239,default
-873556.967482,0.8761530518531799,1.175255733814395,default
-873556.957008,0.8113698959350586,1.146544602099949,default
-873556.948407,0.8935869932174683,1.1628030637501863,default
-873556.935374,0.48040925916992383,1.1131671032564627,default
-873556.928306,0.3031556925691509,1.0142547446316708,default
-873556.916138,0.3215987868211227,1.461852579784126,default
-873556.9035370001,0.2985653282048183,1.4210640321741228,default
-873556.887877,0.21616334479564328,1.2636536003349423,default
-873556.87668,0.8257984526769808,1.3530966167788008,default
-873556.865047,0.34031935772338,1.2446442469194707,default
-873556.856334,0.4277681914833287,1.4749776365663676,default
-873556.843348,0.41907801311001397,1.3833699993274582,default
-873556.830679,0.4112720910388757,1.5041082147269424,default
-873556.820595,0.7752652560417141,1.1364477092802714,default
-873556.811726,0.19849322119652546,1.3254487641778532,default
-873556.80215,0.29717181171744395,1.1201493992243865,default
-873556.791249,0.7471241537457675,0.869460486204658,default
-873556.780734,0.709880530834198,0.9615755120574354,default
-873556.772705,0.7048806548118591,1.0624935303406278,default
-873556.7663370001,0.701768159866333,1.1133886137224271,default
-873556.757202,0.7081552147865295,1.179646600224225,default
-873556.746702,0.7564148902893066,1.246227596652536,default
-873556.740314,0.3917019443472691,1.1063134621550708,default
-873556.7278250001,0.40267538028280064,1.223631936972918,default
-873556.717185,0.41368367382271604,1.1905152124025706,default
-873556.706538,0.45639863193104374,1.243807757290301,default
-873556.6946,0.4170581828187171,1.2803448821833956,default
-873556.683303,0.42154267169688414,1.3094065570935616,default
-873556.668412,0.42089738389244574,1.3823572683079615,default
-873556.651098,0.4383750685133962,1.2845487189120752,default
-873556.638496,0.42155559772641193,1.3296473016741786,default
-873556.6266,0.38728907146859115,1.30519198531407,default
-873556.6171660001,0.42456728886081024,1.370544605981049,default
-873556.607703,0.3929019866518418,1.271839628248848,default
-873556.596055,0.4851715146126448,1.2651728192579097,default
-873556.584869,0.3980142600269159,1.3292679999573234,default
-873556.571798,0.45451128229742194,1.2885675729750052,default
-873556.5625550001,0.45607571619027665,1.323506697088475,default
-873556.5520820001,0.548659561566824,1.336554351125848,default
-873556.543294,0.42028323541206314,1.3695314653417503,default
-873556.534581,0.40866841494798795,1.3733790539980726,default
-873556.521257,0.99,1.2266931179663239,default
-873556.511232,0.9342936277389526,1.253654680645755,default
-873556.504315,0.8166742920875549,1.2373711700032493,default
-873556.494207,0.8423346877098083,1.2451375725616618,default
-873556.485229,0.8586615920066833,1.230279144191719,default
-873556.477264,0.9161802530288696,1.2430592745560514,default
-873556.4694470001,0.9034532904624939,1.2326820051422405,default
-873556.461341,0.8999301791191101,1.2345099830339707,default
-873556.4526750001,0.9404471516609192,1.2536439557728927,default
-873556.440556,0.859120786190033,1.2464142719973186,default
-873556.429011,0.9610098004341125,1.2189478587712035,default
-873556.42016,1.0,1.2209623141660804,default
-873556.410135,0.8352070450782776,1.2289296402268048,default
-873556.402888,0.9465098977088928,1.2295275648331452,default
-873556.392393,0.816109299659729,1.2124277464463549,default
-873556.384555,0.9592307209968567,1.2306727201321075,default
-873556.377981,0.9239261150360107,1.1976250389678986,default
-873556.368948,0.8730911612510681,1.216381851984588,default
-873556.362967,0.8583088517189026,1.2022172281767487,default
-873556.356755,0.9301332235336304,1.203383023550265,default
-873556.346767,0.875515341758728,1.1868134165077233,default
-873556.337282,0.9773095846176147,1.1899319070562147,default
-873556.3268790001,0.9859449863433838,1.1787390259033428,default
-873556.316554,1.0,1.1557487740290293,default
-873556.304389,0.8757610321044922,1.177599458728721,default
-873556.293938,0.8177758455276489,1.1966115174282947,default
-873556.286867,0.9208410978317261,1.220354503614296,default
-873556.279123,0.9213036894798279,1.167170738129744,default
-873556.269888,0.9131154417991638,1.152645891244188,default
-873556.2641960001,0.8767597079277039,1.1834460787810706,default
-873556.257401,0.8961061835289001,1.160286176219075,default
-873556.2493210001,0.8979603052139282,1.215075611252499,default
-873556.2412480001,0.8768763542175293,1.19140592200206,default
-873556.2305770001,0.9450495839118958,1.1535464996628626,default
-873556.223614,0.9891139268875122,1.1603504517418468,default
-873556.215358,0.8912212252616882,1.1863606259963744,default
-873556.205828,0.8708959817886353,1.1505572596331586,default
-873556.197427,1.0,1.165915109750181,default
-873556.186626,0.8767023682594299,1.215292671535018,default
-873556.177947,0.8793904185295105,1.180536663578493,default
-873556.170234,0.9961033463478088,1.1577582029049456,default
-873556.16435,0.9003671407699585,1.151734946425977,default
-873556.155408,0.977345883846283,1.1601096003667672,default
-873556.150595,0.9612441062927246,1.1678677258674215,default
-873556.144904,0.8539710640907288,1.1309595556320726,default
-873556.136861,0.986634373664856,1.1480895710552974,default
-873556.125537,0.8661659359931946,1.1823735657493093,default
-873556.11756,0.8726673126220703,1.1498795384432672,default
-873556.107831,0.8065176606178284,1.18696188950685,default
-873556.099972,0.7441802024841309,1.2006582837263031,default
-873556.092104,0.9519689083099365,1.1758960021524496,default
-873556.085016,0.8656729459762573,1.1395942729724404,default
-873556.072289,0.962584912776947,1.1351440939124755,default
-873556.062434,0.9288657307624817,1.1473427665061924,default
-873556.056734,0.8685296177864075,1.18317235012938,default
-873556.045929,0.9183917045593262,1.145276918147136,default
-873556.0380920001,0.9347218871116638,1.1406166776213391,default
-873556.027202,0.8389721512794495,1.1379207835012979,default
-873556.020888,0.9079303741455078,1.16096980668555,default
-873556.010692,0.8529942035675049,1.1539984269646464,default
-873556.0029440001,0.917104959487915,1.1500929891094271,default
-873555.994045,0.7890592813491821,1.1574337908384664,default
-873555.98603,0.9626218676567078,1.1542680860283454,default
-873555.975323,0.8841385245323181,1.175845445136868,default
-873555.967156,0.8746904730796814,1.1480238837730647,default
-873555.958251,0.8390313386917114,1.162317172061603,default
-873555.948844,0.8856313824653625,1.1634693574164654,default
-873555.939521,0.8820709586143494,1.1698751991020728,default
-873555.928036,0.8897207379341125,1.1706817392408162,default
-873555.9212570001,0.9125860929489136,1.1670104882352863,default
-873555.9122670001,0.8803104758262634,1.180037639962526,default
-873555.9037970001,0.9065486788749695,1.1861522996553608,default
-873555.8971460001,0.9471825957298279,1.1708162026886728,default
-873555.885192,0.9014406800270081,1.172376667633622,default
-873555.875491,0.9327644109725952,1.1698666918960985,default
-873555.867483,0.9169440865516663,1.1781933874075547,default
-873555.857156,0.8335967659950256,1.1654393031186538,default
-873555.848424,0.8320146203041077,1.1811314845672136,default
-873555.840296,0.8663305044174194,1.1666334738689743,default
-873555.832985,0.9547263383865356,1.2114623741342454,default
-873555.821371,0.42572677497192174,1.0650007809731656,default
-873555.8082120001,0.209106077408269,1.1976489155855328,default
-873555.792263,0.3043603270686735,1.4621292426697488,default
-873555.779425,0.8919427818169932,0.9157621072431814,default
-873555.769682,0.29958051935973395,1.275519084049502,default
-873555.753915,0.24452742540924036,1.5961339120442064,default
-873555.739348,0.36088914493268803,1.2573798518113257,default
-873555.728152,0.346265990985353,1.478960972590213,default
-873555.714174,0.3946683441401789,1.4141493859449512,default
-873555.698184,0.3483293682756846,1.4328996306481114,default
-873555.681475,0.20174597716750478,1.4055711471360053,default
-873555.670026,0.27384588424253636,1.2819896328708604,default
-873555.655981,0.3339469084530528,1.1765357669393581,default
-873555.641769,0.4380303637861978,1.2581942493818974,default
-873555.6253150001,0.8711896796284861,1.1297921588076578,default
-873555.606092,0.5452729804549472,1.2908287148855182,default
-873555.597975,0.4376989265545653,1.2530972980449655,default
-873555.588294,0.4064858310735437,1.2825886525166594,default
-873555.577298,0.45259060877869406,1.3029369062643483,default
-873555.561966,0.4654984667719803,1.2015189058035238,default
-873555.548288,0.4804285290100201,1.2247821634954348,default
-873555.532479,0.4025574484159437,1.2788584234578413,default
-873555.519506,0.35853006674271404,1.2762947084482823,default
-873555.504353,0.4386984025243556,1.3048658176263137,default
-873555.488187,0.4380976724480517,1.4080328700108264,default
-873555.472824,0.43095482798476414,1.329228824166691,default
-873555.463252,0.3564663244467078,1.3671810205186214,default
-873555.451678,0.5356205959440614,1.3094893433863057,default
-873555.442702,0.3164051486698953,1.358770579851079,default
-873555.433716,0.99,1.1699584858019225,default
-873555.423339,0.8727604746818542,1.1772880177315406,default
-873555.414687,0.8291154503822327,1.2379721263380041,default
-873555.410589,0.8394517302513123,1.185541968881254,default
-873555.405086,0.9344887137413025,1.2088531871196317,default
-873555.394317,0.8825390934944153,1.2095588724121367,default
-873555.3857410001,0.9786310791969299,1.2104829148765361,default
-873555.378346,1.0,1.223398614969299,default
-873555.369448,0.9200074076652527,1.1894304670711975,default
-873555.358568,0.9037838578224182,1.2007096811152653,default
-873555.349921,0.8857418298721313,1.2013955256397169,default
-873555.340657,0.9457990527153015,1.1893991769560106,default
-873555.33234,0.9242224097251892,1.1961287699370597,default
-873555.321506,0.9677189588546753,1.2182352190937005,default
-873555.31343,0.9647086262702942,1.1935670542185668,default
-873555.301464,0.9461423754692078,1.186678038727166,default
-873555.291386,0.8778165578842163,1.1966285913406285,default
-873555.281055,0.8868658542633057,1.1874911652077378,default
-873555.270904,0.947875440120697,1.1890833286043168,default
-873555.260813,0.8533105850219727,1.1786913310727036,default
-873555.2522260001,0.908336877822876,1.1732758211483398,default
-873555.2448,0.8806087374687195,1.179277631061736,default
-873555.236605,0.9736047983169556,1.1626593513401393,default
-873555.224755,0.8127678036689758,1.195547885895083,default
-873555.215623,0.9726601243019104,1.1673551977225918,default
-873555.205735,0.9677405953407288,1.1621757745196901,default
-873555.197868,1.0,1.173396610091328,default
-873555.1897560001,0.9323676824569702,1.1892900536372606,default
-873555.181969,0.9737288951873779,1.1742003701073798,default
-873555.1714860001,0.9697546362876892,1.1801576410077348,default
-873555.164092,0.9062141180038452,1.153421301979892,default
-873555.15679,0.9800986647605896,1.1789605895404365,default
-873555.150385,1.0,1.1494187302506407,default
-873555.144126,0.9894071221351624,1.1285683866301386,default
-873555.137246,0.8977259993553162,1.1195576062057433,default
-873555.129312,0.8850458860397339,1.1402821430751091,default
-873555.118677,0.9772510528564453,1.1317219863394432,default
-873555.109837,0.9966217875480652,1.1219442004772997,default
-873555.103649,0.9418041706085205,1.1290555191815281,default
-873555.096905,0.9779225587844849,1.132770798093917,default
-873555.089221,0.8921254277229309,1.1457681468459442,default
-873555.081381,0.9964186549186707,1.116964424488617,default
-873555.07317,0.9839884638786316,1.1235635655002651,default
-873555.06473,0.968307375907898,1.1257668172229591,default
-873555.054979,0.9240036606788635,1.1370288728965243,default
-873555.046406,0.9916950464248657,1.12383760538596,default
-873555.0374970001,0.9305680394172668,1.120615730901866,default
-873555.0293780001,0.9637506604194641,1.123069617163714,default
-873555.019846,1.0,1.1561493462934926,default
-873555.00804,0.9266541600227356,1.1363396156083887,default
-873554.999845,0.8891692757606506,1.1653552419906559,default
-873554.992539,0.9494643211364746,1.1092804138921286,default
-873554.985279,1.0,1.1289813312008086,default
-873554.973944,0.8532371520996094,1.1646180434031952,default
-873554.964748,0.9567213654518127,1.1653491932613718,default
-873554.957146,0.8760446906089783,1.127811239788981,default
-873554.945243,1.0,1.1250539909221757,default
-873554.935621,0.9568633437156677,1.1543074866965894,default
-873554.927845,0.9316178560256958,1.1776338024002984,default
-873554.916684,0.9166659116744995,1.1279450368974167,default
-873554.907733,0.9336979985237122,1.1408945143710802,default
-873554.894968,0.9512541890144348,1.140033849643808,default
-873554.885266,0.9595962166786194,1.1814680698280249,default
-873554.872432,1.0,1.1140080285279428,default
-873554.86006,0.8477832674980164,1.1220379502626123,default
-873554.850873,0.9046018123626709,1.1204406017679283,default
-873554.841785,0.9021549820899963,1.1095788146846197,default
-873554.834291,0.9254789352416992,1.1363424336343249,default
-873554.8271560001,0.8249393701553345,1.1171891318466525,default
-873554.8204900001,0.9369876980781555,1.142166384832242,default
-873554.813143,0.9890695810317993,1.1099407377274955,default
-873554.805336,0.9129152297973633,1.1195038955924748,default
-873554.797377,0.8887919783592224,1.1275623877696201,default
-873554.789428,0.8963581323623657,1.1316224501351035,default
-873554.7791950001,0.8873671889305115,1.1159412494789551,default
-873554.767512,0.84504634141922,1.1293108648355181,default
-873554.7592730001,0.7956562638282776,1.1267223753788675,default
-873554.7523180001,0.8544942140579224,1.1403061319527543,default
-873554.744287,0.9417523741722107,1.1344581230433204,default
-873554.738825,0.9400341510772705,1.1413334465522884,default
-873554.732665,1.0,1.1347201796565431,default
-873554.72342,1.0,1.1360374408747709,default
-873554.716476,1.0,1.1203039760099367,default
-873554.709297,0.9282948970794678,1.1193456407715132,default
-873554.6980570001,0.9821189641952515,1.1222663171220892,default
-873554.687777,0.964945375919342,1.1265883733014301,default
-873554.679609,0.8773808479309082,1.1362484287409496,default
-873554.667666,0.910880982875824,1.1451233163946806,default
-873554.658573,0.8475199937820435,1.1249647930251907,default
-873554.649175,0.7622792720794678,1.2108483007107007,default
-873554.640085,0.99,0.8623131237060306,default
-873554.631988,0.34060175919765,1.3027644110835914,default
-873554.616724,0.7348763268146231,0.9644396917870743,default
-873554.60286,0.834925626548652,0.9557587695228413,default
-873554.593015,0.5413015372223593,1.1419967447685133,default
-873554.583458,0.5695254214722691,1.1589135341348102,default
-873554.571627,0.4889099305558581,1.1629407994084011,default
-873554.558954,0.5634757889255426,1.2171429906930857,default
-873554.546633,0.3910495167322451,1.1720141930150731,default
-873554.532005,0.7756251480080524,0.9671545823124665,default
-873554.521365,0.7774823259919574,0.9213779091134446,default
-873554.505705,0.45399333427958816,1.1023282596096071,default
-873554.4954060001,0.478236355493927,1.1240747213823634,default
-873554.48317,0.4187829687636248,1.420053342782463,default
-873554.472391,0.36256856635512336,1.2633518717271794,default
-873554.4597540001,0.7793274581058295,0.8940218844171275,default
-873554.450729,0.36173367791402633,1.374971198233876,default
-873554.44363,0.3955758530038544,1.2301174719189714,default
-873554.435803,0.34170069937573583,1.437190361948479,default
-873554.428092,0.5504667358780234,1.1847873985756148,default
-873554.414765,0.44910730283863604,1.2884796499010434,default
-873554.4076490001,0.44864833188803,1.2308525152531788,default
-873554.398419,0.5219408427811121,1.3132540781036939,default
-873554.383302,0.3589275262329292,1.3789819675286275,default
-873554.37188,0.7238680508675195,1.03723402924975,default
-873554.361701,0.2988327313434578,1.2078991555582692,default
-873554.34933,0.3466285584198877,1.1535584597125164,default
-873554.341019,0.7848358750343323,1.1549599159317552,default
-873554.332397,0.7822348475456238,1.2280770043593296,default
-873554.322977,0.7759328484535217,1.2900570787951775,default
-873554.314826,0.775052011013031,1.335535201462497,default
-873554.304743,0.315368092484366,1.1443288473539752,default
-873554.293655,0.3445453426636882,1.194967667816003,default
-873554.280672,0.3535923559967173,1.1412537289521336,default
-873554.270209,0.3607924287420673,1.1527322211722808,default
-873554.2623470001,0.4041835795229722,1.2266224991162051,default
-873554.24945,0.30978416817994725,1.2545469886659308,default
-873554.237404,0.31286834822893617,1.2964087161794349,default
-873554.222033,0.25520126885817257,1.2353852755357955,default
-873554.209558,0.4085160417750045,1.2483032089713277,default
-873554.1960710001,0.3798323794789117,1.2177261475802772,default
-873554.184507,0.3463085879793759,1.240527719413337,default
-873554.16765,0.34164644193958355,1.214598868426068,default
-873554.151171,0.4051439763843201,1.1501269710294069,default
-873554.1374530001,0.3696650407091033,1.2447448118115374,default
-873554.122649,0.45058741757626114,1.230909275890843,default
-873554.111604,0.5148134821318914,1.0607863232800812,default
-873554.097415,0.3443895661612732,1.2818821934879097,default
-873554.080238,0.4292748829668385,1.173171186657266,default
-873554.067511,0.3810429445666922,1.3022139490093805,default
-873554.0544210001,0.99,1.1624203365057508,default
-873554.045073,0.8645713329315186,1.1728721200297603,default
-873554.035676,0.816597044467926,1.214171073830618,default
-873554.026448,0.807984471321106,1.180222340395316,default
-873554.018357,0.8107548952102661,1.1681730061407811,default
-873554.007888,0.8789627552032471,1.1860726622592597,default
-873553.997663,0.9131959080696106,1.1654197169289757,default
-873553.992261,0.8890175819396973,1.1524781127432702,default
-873553.982268,0.9199172258377075,1.1339073623989142,default
-873553.973096,0.9783104658126831,1.132230852240975,default
-873553.964378,0.8301493525505066,1.1473853489972665,default
-873553.953064,0.7410918474197388,1.1434102969983018,default
-873553.9433940001,0.9230976700782776,1.1545454469012375,default
-873553.935008,0.876595139503479,1.1446716542101623,default
-873553.928648,0.9170406460762024,1.117441838087986,default
-873553.920882,0.8379926085472107,1.1491580271741801,default
-873553.913358,0.8403934836387634,1.1121996266994767,default
-873553.908116,0.7234872579574585,1.1310531491135918,default
-873553.899935,0.8435492515563965,1.1221514004405035,default
-873553.890428,0.8736025094985962,1.1263929181700298,default
-873553.884504,0.8736657500267029,1.1303112178466863,default
-873553.876264,0.8383914828300476,1.1476118449586354,default
-873553.869144,0.810416042804718,1.1238715967524908,default
-873553.85843,0.8982061147689819,1.1203451900956747,default
-873553.85193,0.9104933142662048,1.116345702848136,default
-873553.843824,0.8266711831092834,1.1109230976026296,default
-873553.834232,0.9472874999046326,1.1093240818119554,default
-873553.826157,0.9352927803993225,1.1207280981353214,default
-873553.818317,0.791183590888977,1.0953482480858132,default
-873553.805535,0.7608280181884766,1.1199127576904764,default
-873553.798609,0.7615028023719788,1.106806104362064,default
-873553.792617,0.7732640504837036,1.1198231044858353,default
-873553.783075,0.8149532079696655,1.143563239271228,default
-873553.776207,0.8767837882041931,1.154643758596991,default
-873553.768403,0.8716661334037781,1.18359236947525,default
-873553.758009,0.7986059784889221,1.2538788690616718,default
-873553.748844,0.8352049589157104,1.2219533365749942,default
-873553.739485,0.8713192939758301,1.1631063313543675,default
-873553.7275040001,0.8620790243148804,1.1060847644968304,default
-873553.71784,0.7934934496879578,1.1027778742803251,default
-873553.7043410001,0.7940706610679626,1.099985617961738,default
-873553.693739,0.8946042060852051,1.1060921644020278,default
-873553.684751,0.87971031665802,1.115306708556996,default
-873553.672967,0.880024254322052,1.1148839076564445,default
-873553.663339,0.8315343856811523,1.119093252145341,default
-873553.653776,0.742289125919342,1.1126576790710732,default
-873553.644341,0.9048011898994446,1.1374310453592478,default
-873553.63185,0.8787791132926941,1.1257046738429564,default
-873553.623007,0.8678102493286133,1.1501563130509216,default
-873553.614436,0.773290753364563,1.1424090157486253,default
-873553.6029020001,0.8517548441886902,1.1619691502618785,default
-873553.593129,0.8523749113082886,1.1534484067204818,default
-873553.581609,0.7680401802062988,1.1943223284584334,default
-873553.571922,0.8407413959503174,1.1592455403271416,default
-873553.5593600001,0.8970729112625122,1.1515746723528784,default
-873553.5516530001,0.876196563243866,1.1840987655607824,default
-873553.5446,0.851554274559021,1.2018353878908337,default
-873553.536469,0.8869029879570007,1.2176132879605706,default
-873553.5247310001,0.8792553544044495,1.1776182725213427,default
-873553.516187,0.7706703543663025,1.204483098312675,default
-873553.508185,0.8564957976341248,1.210441125073309,default
-873553.500058,0.9385414719581604,1.180580730933921,default
-873553.488416,0.8100640773773193,1.1645563637959544,default
-873553.478601,0.881972074508667,1.1786534401330466,default
-873553.468843,0.8760441541671753,1.1926619654905317,default
-873553.459668,0.8472288846969604,1.2215402711486387,default
-873553.451234,0.794266402721405,1.232820837402186,default
-873553.44136,0.9238592386245728,1.1804886941024821,default
-873553.432061,0.8366924524307251,1.2291864307184812,default
-873553.422865,0.9453945755958557,1.188057240368631,default
-873553.4167770001,0.941079318523407,1.2049051128122974,default
-873553.408823,0.8056986927986145,1.2302159455741997,default
-873553.400118,0.8757379055023193,1.2163945854890894,default
-873553.3919480001,0.893245279788971,1.2032657668842903,default
-873553.384,0.9235571622848511,1.1995147070912289,default
-873553.376023,0.8201357126235962,1.2156548810385703,default
-873553.368838,0.8983204364776611,1.2144078394176505,default
-873553.360498,0.9363337755203247,1.1931002122466152,default
-873553.353367,0.7946632504463196,1.2146801092543904,default
-873553.345407,0.7511641383171082,1.2182960858957177,default
-873553.337216,0.899509847164154,1.2375546022314148,default
-873553.329153,0.8938231468200684,1.2481971543965735,default
-873553.321303,0.9390507936477661,1.2507502452517634,default
-873553.313486,0.8844937682151794,1.2686792228239328,default
-873553.303988,0.9040815830230713,1.264562439462717,default
-873553.297308,0.7846457958221436,1.2328757729329416,default
-873553.289415,0.921289324760437,1.2417923331353453,default
-873553.280905,0.8455488681793213,1.251073003020477,default
-873553.273441,0.8932046294212341,1.2427173040381954,default
-873553.261868,0.8281590938568115,1.2465571726607707,default
-873553.255202,0.9397152662277222,1.2747515012144124,default
-873553.249369,0.8274901509284973,1.242864582143826,default
-873553.24119,0.8632763624191284,1.2694243115234811,default
-873553.230122,0.9410863518714905,1.2137352499034666,default
-873553.220702,0.8724218010902405,1.2380637390329108,default
-873553.2094930001,0.8615612983703613,1.2241212740725413,default
-873553.201478,0.8744863271713257,1.2109311038297594,default
-873553.192983,0.9429733753204346,1.2152947916855252,default
-873553.182974,0.8704769611358643,1.2064025307030422,default
-873553.173013,0.8969190716743469,1.207108834929374,default
-873553.16306,0.8579662442207336,1.2401049943767757,default
-873553.1549140001,0.920853853225708,1.2441815566073502,default
-873553.143311,0.9005905985832214,1.241855925723934,default
-873553.134458,0.8876090049743652,1.205356398217063,default
-873553.124785,0.905825138092041,1.2068257933249016,default
-873553.116211,0.8360705971717834,1.2433147158261337,default
-873553.106016,0.24833233861830958,1.1353983178582956,default
-873553.095511,0.5773087241171544,1.1856847944155966,default
-873553.080881,0.5689663750602336,1.1618908335196987,default
-873553.071898,0.5665384574223524,1.24848197508796,default
-873553.057075,0.5531839952065251,1.1506319613186302,default
-873553.0439490001,0.6,1.2504935818831684,default
-873553.031229,0.5696535410167891,1.2307349812740305,default
-873553.012124,0.4745904405097571,1.1402318718396556,default
-873552.995969,0.5596229106421033,1.2844407084804539,default
-873552.983148,0.5497250286656138,1.1890705316370616,default
-873552.966616,0.37878930242957926,1.207209975734742,default
-873552.953244,0.47419513661322543,1.3511581676846007,default
-873552.93762,0.5039191083780216,1.3742562423340257,default
-873552.926491,0.30861847472113807,1.2639722072727393,default
-873552.907398,0.32470764752018777,1.2046280860568621,default
-873552.8944250001,0.9749144655583722,1.145845727798465,default
-873552.876803,0.41707157755945357,1.1080615867950918,default
-873552.860429,0.99,1.1738693651420902,default
-873552.845974,0.45592754171541305,1.1430475497473287,default
-873552.831612,0.8028971552848816,1.194056066515314,default
-873552.824875,0.9014410972595215,1.2531864258654002,default
-873552.816616,0.8213080763816833,1.23274143145218,default
-873552.810417,0.8183923959732056,1.19297913897279,default
-873552.804335,0.9008179903030396,1.1847396523106783,default
-873552.797362,0.8962585926055908,1.2023138489978837,default
-873552.789342,0.8622470498085022,1.2007859841918211,default
-873552.781237,0.9979680180549622,1.2248421975400552,default
-873552.773454,0.8520075678825378,1.2065349619676802,default
-873552.7652060001,0.8860003352165222,1.2111798508977927,default
-873552.757383,0.8871697783470154,1.2140162573439186,default
-873552.7493210001,0.9155148267745972,1.212550846088987,default
-873552.74125,0.8509362936019897,1.2234664716982167,default
-873552.730462,0.8887946009635925,1.2098378383572568,default
-873552.724091,0.8593853712081909,1.2201972535622954,default
-873552.717343,0.8103232383728027,1.2191498037550055,default
-873552.708157,0.8753886222839355,1.2166013108721865,default
-873552.698741,0.946218729019165,1.2364347753451006,default
-873552.687114,0.9235349297523499,1.248736971629791,default
-873552.678358,0.809799075126648,1.2287003374206558,default
-873552.671234,0.8436610102653503,1.2377840120344947,default
-873552.6650350001,0.8816579580307007,1.2436566063329098,default
-873552.655639,0.95164954662323,1.3032539830633136,default
-873552.648314,0.9222733378410339,1.3214088666068604,default
-873552.64194,0.9069304466247559,1.2729057345370571,default
-873552.6341350001,0.872672438621521,1.2589579783724991,default
-873552.626096,0.8400718569755554,1.2831045016894582,default
-873552.619045,0.9280707836151123,1.2751885853049334,default
-873552.6104080001,0.8508380055427551,1.2650881311305353,default
-873552.602592,0.9463596343994141,1.2641766958858853,default
-873552.59662,0.8443564176559448,1.2162245967318266,default
-873552.589349,0.8504932522773743,1.2440970272308727,default
-873552.5812060001,0.8967509865760803,1.2833098438382269,default
-873552.572475,0.8653498291969299,1.240831466257951,default
-873552.564822,0.9403426647186279,1.2243063690804048,default
-873552.553192,0.9239699840545654,1.2224129548273512,default
-873552.5428480001,0.8310543894767761,1.2696727451951468,default
-873552.5299440001,0.756864070892334,1.2370774358367274,default
-873552.520524,0.9922999739646912,1.269107131027301,default
-873552.509233,0.816264808177948,1.24927065575422,default
-873552.5003450001,0.7600789070129395,1.2366365723760917,default
-873552.489303,0.8710389137268066,1.2239052196369222,default
-873552.482688,0.7254716157913208,1.2351379312976993,default
-873552.476808,0.7718139886856079,1.2217603645677881,default
-873552.468685,0.7232394218444824,1.1912611028176427,default
-873552.457639,0.8302240967750549,1.2103100594665839,default
-873552.448844,0.8872207403182983,1.1872130724223973,default
-873552.44114,0.9092825055122375,1.188586352270577,default
-873552.433236,0.7685009837150574,1.1921895710157027,default
-873552.423967,0.9312598705291748,1.1953779859549338,default
-873552.4145140001,0.8996066451072693,1.1740529870429977,default
-873552.406429,0.8945327997207642,1.2279032992747378,default
-873552.399764,0.8923826217651367,1.1357019698670139,default
-873552.393372,0.8413999676704407,1.1367799160938432,default
-873552.384889,0.8023917078971863,1.1271064714408654,default
-873552.377299,0.8220603466033936,1.1391155045586547,default
-873552.369238,0.9554264545440674,1.1484571257718876,default
-873552.360575,0.8330830335617065,1.1294207282254272,default
-873552.3532680001,0.8498176336288452,1.139605130401319,default
-873552.343431,0.8986338973045349,1.132914158154608,default
-873552.336946,0.7785983085632324,1.1206273187010085,default
-873552.328756,0.7802342176437378,1.1219619295468308,default
-873552.320114,0.9881422519683838,1.1134233308607824,default
-873552.310206,0.8906114101409912,1.1284658416494864,default
-873552.303135,0.9665348529815674,1.1224510308830116,default
-873552.294734,1.0,1.1388276054813047,default
-873552.286622,0.834658145904541,1.134585563916398,default
-873552.274727,0.9208519458770752,1.1300625515276872,default
-873552.26812,0.8870833516120911,1.1005070466985591,default
-873552.2584480001,0.9313926696777344,1.0781906754948278,default
-873552.253958,0.851910412311554,1.1105699994035132,default
-873552.248717,0.9408669471740723,1.098979804295718,default
-873552.239928,0.921754002571106,1.1058146621482345,default
-873552.232186,0.9012251496315002,1.119252443850209,default
-873552.22468,0.940011203289032,1.1423035261120056,default
-873552.213762,0.8712653517723083,1.169341443418483,default
-873552.206051,0.8792853951454163,1.1647594998397186,default
-873552.199107,0.9346082210540771,1.11265494735219,default
-873552.190711,1.0,1.1372393528657385,default
-873552.180319,0.9015899896621704,1.0783038038156074,default
-873552.172837,0.8320727944374084,1.1007135890451711,default
-873552.161667,0.8672325015068054,1.0856197472797455,default
-873552.152676,0.8874285817146301,1.0976465681381908,default
-873552.141422,0.8948962688446045,1.0700725472388788,default
-873552.13478,0.8225905895233154,1.1028652140875295,default
-873552.1289530001,0.9636465311050415,1.1370667761433277,default
-873552.120887,1.0,1.1305883688187537,default
-873552.1130220001,0.9879986047744751,1.161970856578694,default
-873552.105216,0.9276503920555115,1.1679581317634957,default
-873552.0973980001,0.9332835674285889,1.1972685011910236,default
-873552.085311,0.8981586694717407,1.101541328550875,default
-873552.0773850001,0.9816343784332275,1.132925981557202,default
-873552.069466,0.8727931976318359,1.1101259369186969,default
-873552.060727,0.9172596335411072,1.1323471331073955,default
-873552.052215,0.9463305473327637,1.148282373526503,default
-873552.043225,0.9474959969520569,1.1268548193344379,default
-873552.0321450001,0.8841923475265503,1.1309693880097282,default
-873552.025823,0.8704798221588135,1.1639644123842254,default
-873552.01477,0.8952206373214722,1.17732729107771,default
-873552.006969,0.8534853458404541,1.1453363818828959,default
-873552.000092,0.8987764716148376,1.127430752597376,default
-873551.989957,0.9127961993217468,1.1636344696554057,default
-873551.9816780001,0.8027429580688477,1.1667741928286106,default
-873551.973149,0.4564536764081125,1.168745889031928,default
-873551.962528,0.20330509199930447,1.1395480270721046,default
-873551.95066,0.36071342163184966,1.4550034285011808,default
-873551.939291,0.28236733023536625,1.3951576772674739,default
-873551.925964,0.3499901075751981,1.5602418903051278,default
-873551.910285,0.35762763156245747,1.494311284340009,default
-873551.899365,0.3607661665007388,1.3576910496965233,default
-873551.889913,0.4809351812576445,1.4812825780476375,default
-873551.877404,0.5108156495410586,1.4233313797698273,default
-873551.864823,0.30487844699239053,1.1825310133993807,default
-873551.858085,0.24196446300863075,1.2453644412603624,default
-873551.848866,0.26868565270737577,1.1494315874565024,default
-873551.837236,0.3404936113843494,1.0843821508432456,default
-873551.828206,0.7447306362100605,0.881287493189709,default
-873551.8212070001,0.4014612925898277,1.0907612879114477,default
-873551.808042,0.4574154504079207,1.1430721131761792,default
-873551.793048,0.7284625768661499,1.1641210114537546,default
-873551.784665,0.7465304732322693,1.2994524559065184,default
-873551.779827,0.807601809501648,1.3584262858953844,default
-873551.77248,0.3871343778845868,1.308660583210286,default
-873551.7606,0.3787691497162521,1.291996321416259,default
-873551.746411,0.8726758360862732,1.2120110726350717,default
-873551.739557,0.9442431330680847,1.1605689724630093,default
-873551.7298430001,0.8467497229576111,1.1958861312682605,default
-873551.721677,0.8011170625686646,1.1908109335997632,default
-873551.712642,0.910014808177948,1.2034378713925902,default
-873551.701068,0.884896457195282,1.1936487466366952,default
-873551.692953,0.9026569128036499,1.2227109011175616,default
-873551.682444,0.9574410319328308,1.2058662021315998,default
-873551.67071,0.8998174667358398,1.2005714872343387,default
-873551.662269,0.9330461621284485,1.205508633717578,default
-873551.649401,0.9302690625190735,1.242428077902972,default
-873551.640546,0.88396155834198,1.2517474612431867,default
-873551.631866,0.8216028809547424,1.2518181798186525,default
-873551.620015,0.838219404220581,1.2193502128976923,default
-873551.607689,0.8738255500793457,1.2324909614134962,default
-873551.598838,0.8731117248535156,1.233068635763252,default
-873551.590252,0.9895898699760437,1.2504355823088988,default
-873551.581027,0.8553562760353088,1.2471822619352433,default
-873551.571016,0.9172050952911377,1.2353225117991786,default
-873551.5618510001,0.8506655097007751,1.256800512110555,default
-873551.553542,0.9040775299072266,1.2370130125775032,default
-873551.546065,1.0,1.2389023414150735,default
-873551.541234,0.9648285508155823,1.2660599212352714,default
-873551.531966,0.8242718577384949,1.2331385083621544,default
-873551.523944,0.9783391952514648,1.2411580469376062,default
-873551.516212,0.9405274987220764,1.2276577448603878,default
-873551.5083,0.8203601837158203,1.2606001013111472,default
-873551.498026,0.8605810403823853,1.2509035063022242,default
-873551.493713,0.9100381731987,1.2591998161592008,default
-873551.488617,0.7964693307876587,1.2526919695180703,default
-873551.4814490001,0.7010504007339478,1.2631651807413697,default
-873551.473373,1.0,1.2303558477301118,default
-873551.465468,0.9564834833145142,1.2169531310067758,default
-873551.457291,0.9519872665405273,1.2663114862714568,default
-873551.448733,0.8116142153739929,1.2336836195744123,default
-873551.437843,0.9285480976104736,1.2067157821529215,default
-873551.428361,0.8344309329986572,1.2405666281035739,default
-873551.417524,0.8755668997764587,1.2560498965368376,default
-873551.409146,0.8770285844802856,1.199576066846939,default
-873551.400917,0.9255415797233582,1.1754223835124646,default
-873551.39194,0.9998634457588196,1.2039772234447286,default
-873551.383847,0.8940805196762085,1.2230527928258876,default
-873551.374761,0.9245781898498535,1.2190739049212707,default
-873551.364086,0.9815108180046082,1.1945639920658824,default
-873551.356589,0.9679837226867676,1.1804830224799998,default
-873551.344044,0.9091967344284058,1.202001015762396,default
-873551.336212,0.8977842330932617,1.1940598956137354,default
-873551.326541,0.9890551567077637,1.151986896422776,default
-873551.316175,0.8042955994606018,1.149855518895135,default
-873551.310378,0.9203733801841736,1.1560906137288094,default
-873551.305258,0.8929494619369507,1.1532397307423738,default
-873551.297331,1.0,1.1778742018783275,default
-873551.285444,1.0,1.172996204642598,default
-873551.2785830001,0.9099827408790588,1.1712864523740438,default
-873551.27132,0.9164367914199829,1.211075362148884,default
-873551.262876,0.8552946448326111,1.1717366744723,default
-873551.251865,0.8886984586715698,1.1469607234954675,default
-873551.241847,0.9170948266983032,1.1568367699559388,default
-873551.229769,0.9428046345710754,1.1579004393831553,default
-873551.219671,0.915973424911499,1.1671095735476538,default
-873551.211025,0.8681730628013611,1.1510167322878289,default
-873551.2029660001,0.788787841796875,1.1596978403179512,default
-873551.195468,0.7940449714660645,1.1524880239767787,default
-873551.18972,0.8416223526000977,1.1508117751177234,default
-873551.179397,0.8396986126899719,1.170212576600235,default
-873551.171846,0.9214535355567932,1.1534483206652348,default
-873551.164874,0.9858487844467163,1.1792769718893008,default
-873551.156447,0.9158464670181274,1.1542931452146528,default
-873551.149061,0.8355287313461304,1.1562370787363023,default
-873551.141204,1.0,1.1599957120609017,default
-873551.132474,0.8017598986625671,1.1717279915731158,default
-873551.124603,0.9543354511260986,1.1914081195489254,default
-873551.1168130001,0.9066436886787415,1.1650647631118058,default
-873551.109388,0.9159010648727417,1.1521496466495962,default
-873551.101389,0.7695540189743042,1.1458868912846336,default
-873551.093389,0.8846126198768616,1.1534316999278174,default
-873551.084959,0.9960852265357971,1.1704055091348682,default
-873551.072745,0.9187173843383789,1.1806698146830037,default
-873551.064731,0.9622009992599487,1.166153475102131,default
-873551.056652,0.6,1.2805055530889247,default
-873551.042073,0.9591365456581116,1.172851666310697,default
-873551.030574,0.8676172494888306,1.1851376041726285,default
-873551.023023,0.8134388327598572,1.1954228636291444,default
-873551.015791,0.8569513559341431,1.1478004973713256,default
-873551.008285,0.9140854477882385,1.1944995508222078,default
-873551.003758,0.8997559547424316,1.1780908745639969,default
-873550.9969960001,0.9068862199783325,1.2092077587764218,default
-873550.987233,0.8679489493370056,1.2247499510207902,default
-873550.979327,0.8107478618621826,1.2378649842685094,default
-873550.970173,0.9244036078453064,1.2041514480149282,default
-873550.957428,1.0,1.2040797891372685,default
-873550.946702,0.2527837635451838,1.2987974738704855,default
-873550.934407,0.3001031732980057,1.22367442374239,default
-873550.918305,0.3741270148815395,1.2758674860883525,default
-873550.9044390001,0.735409045325743,0.8620822823712206,default
-873550.892477,0.9019513188483436,0.8197720094257566,default
-873550.882499,0.413011172337949,1.42972925629322,default
-873550.872877,0.28973425656989693,1.3308390585620637,default
-873550.860996,0.3421942342647598,1.2437765514303045,default
-873550.850056,0.47430156209970886,1.0031402327257615,default
-873550.8366040001,0.37625969665595654,1.1432615349401716,default
-873550.827449,0.4055190960532448,1.2869255219152644,default
-873550.814258,0.388639612382029,1.2540394918281956,default
-873550.804825,0.32373937140102677,1.1430609209633769,default
-873550.7961,0.17690826017387126,1.2535357418983044,default
-873550.788004,0.2168488849104845,1.4939251719159654,default
-873550.778052,0.28534882433634295,1.1172288007186957,default
-873550.769706,0.2517569613423991,1.3124927414640366,default
-873550.760141,0.2561637350320667,1.345999781298712,default
-873550.750202,0.2768154766070709,1.3410473462532582,default
-873550.740773,0.8167112800352093,0.9284406223549748,default
-873550.729847,0.4833869716333136,1.2268855492159112,default
-873550.723567,0.5680048548419999,1.269263287631751,default
-873550.711845,0.5900952224796129,1.3916311747451928,default
-873550.701324,0.7425699234008789,1.239415399028461,default
-873550.692582,0.6,1.402552628901804,default
-873550.67765,0.715091347694397,1.3816397581955315,default
-873550.6704610001,0.7243968844413757,1.4328895352946578,default
-873550.661062,0.5779208602563027,1.2973441467547846,default
-873550.651105,0.7543109059333801,1.3412663191236982,default
-873550.640604,0.9478534460067749,1.2871924522845273,default
-873550.630052,0.8438577651977539,1.2254800770403689,default
-873550.622148,0.8749151825904846,1.1916473524748126,default
-873550.616175,0.9312384724617004,1.2049606832047877,default
-873550.6093080001,0.8339554071426392,1.2241868717761228,default
-873550.600156,0.9247296452522278,1.2296460632780453,default
-873550.593248,0.8753324151039124,1.2313924452221734,default
-873550.585358,0.8563997745513916,1.258859961083481,default
-873550.577243,0.9199549555778503,1.2737159240924374,default
-873550.569203,0.9045404195785522,1.2489015947176427,default
-873550.559981,0.8501514196395874,1.246862064227669,default
-873550.552215,0.9075049757957458,1.2444745014002008,default
-873550.543818,1.0,1.2654171856599783,default
-873550.535916,0.8972094655036926,1.247008489793699,default
-873550.52385,0.9416144490242004,1.2410811889430127,default
-873550.5135700001,0.9149594902992249,1.256063999845077,default
-873550.506872,0.8741180300712585,1.257097992949908,default
-873550.4947960001,0.9407086372375488,1.2605169697186147,default
-873550.487162,0.9852167367935181,1.2827338218434106,default
-873550.475028,0.886381983757019,1.3258003523282635,default
-873550.468915,0.9066290259361267,1.3196365451451526,default
-873550.46033,0.9819366931915283,1.3001230422664953,default
-873550.448235,0.9643586277961731,1.325829420175948,default
-873550.439174,0.9265087842941284,1.3255487513298077,default
-873550.426738,0.9239044189453125,1.2854274812104758,default
-873550.417538,1.0,1.2740189602119827,default
-873550.408196,0.9614037275314331,1.2822112314554643,default
-873550.397892,0.899009644985199,1.2496834787090578,default
-873550.388945,0.95110023021698,1.2888955968439229,default
-873550.378735,0.8828644156455994,1.291330771398714,default
-873550.372454,0.8834907412528992,1.3090992877032206,default
-873550.365006,0.9833370447158813,1.2887966037086316,default
-873550.3559130001,0.9680876731872559,1.276532953629494,default
-873550.3481000001,0.8721108436584473,1.2673079484150027,default
-873550.341686,0.8150392174720764,1.2532611207137814,default
-873550.33381,0.9271347522735596,1.244235180428444,default
-873550.32357,0.9232577681541443,1.2494320791872964,default
-873550.313765,0.9196982979774475,1.2532666957735001,default
-873550.30483,0.9262108206748962,1.2642305204754671,default
-873550.293288,0.9839920997619629,1.2240725052256822,default
-873550.284101,0.9667300581932068,1.2542886658027559,default
-873550.275352,0.7560851573944092,1.2401182002811648,default
-873550.267542,1.0,1.2259613753628074,default
-873550.259083,0.9258010983467102,1.2172151052240814,default
-873550.25188,0.9277359843254089,1.2520986504903662,default
-873550.243061,0.8701668381690979,1.2276113423589061,default
-873550.23398,0.9022055864334106,1.2717278277376853,default
-873550.220896,0.8948390483856201,1.2576982201170952,default
-873550.210841,0.8724468350410461,1.2623980570701785,default
-873550.201082,0.9233530163764954,1.2607473822022004,default
-873550.188224,0.9887386560440063,1.217629594762553,default
-873550.1789620001,0.9207637310028076,1.1800037580805234,default
-873550.170552,0.8507739901542664,1.1601757872480127,default
-873550.158911,0.9333847761154175,1.1659943096769845,default
-873550.151557,0.9273232817649841,1.1750345492171488,default
-873550.143146,0.8431792259216309,1.161861694674303,default
-873550.134505,0.9246699810028076,1.1679451185348433,default
-873550.1289530001,0.9177743792533875,1.1922698545498371,default
-873550.119745,0.94578617811203,1.1657135814579047,default
-873550.110672,0.9943788051605225,1.1743482969165262,default
-873550.098979,1.0,1.1609967452927124,default
-873550.089901,1.0,1.1759961880180487,default
-873550.08023,0.9550038576126099,1.146804039690886,default
-873550.075029,0.9781611561775208,1.1562511019038713,default
-873550.067364,0.9197768568992615,1.1564130421116423,default
-873550.058528,0.9118360877037048,1.165222279565075,default
-873550.052351,1.0,1.1557617206742514,default
-873550.045061,0.5010439154725769,1.0918055002706901,default
-873550.0328180001,0.17767893465581622,1.4046123214478583,default
-873550.0225,0.2461293255364441,1.5657438847580565,default
-873550.012122,0.18740458579979008,1.5796244356220086,default
-873550.00546,0.26322774163556073,1.3970751115905737,default
-873549.997398,0.4195808230422962,1.1810957015620347,default
-873549.989302,0.2679363382288093,1.1102352364865813,default
-873549.981321,0.39742942207043624,1.161265688759717,default
-873549.973465,0.26467480534280274,1.3950346193410779,default
-873549.96511,0.318230235568625,1.4916847434735736,default
-873549.956509,0.3518576542787515,1.2108945992191686,default
-873549.949409,0.3531503936174927,1.2346045628194808,default
-873549.941397,0.2179016125328131,1.2054009803086339,default
-873549.933001,0.20103121099269725,1.3452852388986707,default
-873549.921712,0.24460216371859178,1.3992101589332195,default
-873549.9115950001,0.3425658908902233,1.24827755591448,default
-873549.898191,0.7025007463729922,1.059365268496434,default
-873549.889707,0.8316662800342275,1.1192553540861208,default
-873549.875249,0.4784499312498406,1.3269940716316606,default
-873549.86098,0.47711120778272437,1.3549275574727009,default
-873549.847485,0.7126514911651611,1.1827774877410304,default
-873549.837548,0.9163636565208435,1.1311174810869198,default
-873549.828983,0.8855001330375671,1.136987121361257,default
-873549.819703,0.7585070133209229,1.146608596318321,default
-873549.80767,0.8211926221847534,1.1782500577105366,default
-873549.797689,0.8933784365653992,1.1740056482815637,default
-873549.785905,0.9174575209617615,1.1804498868943232,default
-873549.778317,0.8488109707832336,1.1843778942926342,default
-873549.7664590001,0.8492605090141296,1.2035073052165184,default
-873549.759705,0.8149625062942505,1.2225508484484706,default
-873549.752897,0.9608370065689087,1.2140569100390013,default
-873549.744297,0.8477131128311157,1.209272580034026,default
-873549.734548,0.865706205368042,1.2165632684476089,default
-873549.72786,0.7681211829185486,1.2489012357149987,default
-873549.721454,0.9665476679801941,1.224247441662643,default
-873549.71329,0.9231787323951721,1.221589375938068,default
-873549.7052580001,0.7924129366874695,1.2668091634600662,default
-873549.696613,0.9019339084625244,1.264520346940127,default
-873549.689076,0.9300082325935364,1.2213715611385885,default
-873549.677163,0.8962493538856506,1.2308093883974651,default
-873549.66448,0.9365298748016357,1.2310478280793262,default
-873549.655611,0.893546998500824,1.2686710906246947,default
-873549.648411,0.907235860824585,1.23936709803601,default
-873549.641141,0.8708394169807434,1.261349877661555,default
-873549.632598,0.8472084999084473,1.260967158446221,default
-873549.625274,0.9467988610267639,1.2523602049629985,default
-873549.617175,0.8468880653381348,1.2591467608375768,default
-873549.608691,0.8974186778068542,1.2563858648044053,default
-873549.6013260001,0.9112200140953064,1.2617210868131519,default
-873549.59316,0.9339465498924255,1.253138698017509,default
-873549.585431,0.9599668979644775,1.2492654837136152,default
-873549.577182,0.9781523942947388,1.268883816813326,default
-873549.5689460001,0.9428550004959106,1.263409831712913,default
-873549.556603,0.958695113658905,1.270099745392045,default
-873549.548955,1.0,1.255048105384304,default
-873549.539329,0.8754456043243408,1.2626341355572759,default
-873549.529556,0.9489883780479431,1.2543865408436492,default
-873549.523861,1.0,1.235728566989407,default
-873549.516513,0.8878805041313171,1.274378058123355,default
-873549.508685,0.9697474241256714,1.2415649880047788,default
-873549.499308,0.8429266214370728,1.2506945395251274,default
-873549.491119,0.9250091910362244,1.2449389135762319,default
-873549.479531,0.9363943934440613,1.229761755254669,default
-873549.473399,0.9290705323219299,1.2548956394740554,default
-873549.465421,0.9767521619796753,1.2308291906024635,default
-873549.457423,0.9994652271270752,1.2455736591273139,default
-873549.449353,0.8634389638900757,1.2064629546904722,default
-873549.441157,0.9780169129371643,1.2307695752197816,default
-873549.4320040001,1.0,1.2312876957706385,default
-873549.419888,0.9577537775039673,1.2324237197106145,default
-873549.408018,0.8945637941360474,1.2250536086896098,default
-873549.399277,0.9406686425209045,1.2336140433985765,default
-873549.390151,1.0,1.207042988227212,default
-873549.380931,0.8979532122612,1.2121854434330412,default
-873549.369473,0.8896133303642273,1.2172524769506738,default
-873549.357479,1.0,1.2082872330532926,default
-873549.347066,1.0,1.1994597568105498,default
-873549.33527,0.37532266290316235,1.2592124775228917,default
-873549.318721,0.3425045533552635,1.4235502770404187,default
-873549.30912,0.28602942573480794,1.5781192858147888,default
-873549.29831,0.32635220382767366,1.4962369271398672,default
-873549.288544,0.36111189536675853,1.3420121810654164,default
-873549.277255,0.8035526933856466,0.8503716235696235,default
-873549.264858,0.274427784442161,1.4918561851270975,default
-873549.25243,0.33627570813527613,1.5038423301590762,default
-873549.23884,0.4906480798420904,1.544486154118407,default
-873549.220286,0.2319139828739425,1.2504030736381178,default
-873549.207103,0.3302805750797016,1.1281298028878881,default
-873549.195556,0.3286621356740558,1.2505477443465915,default
-873549.18027,0.48171112139621675,1.3146029072126817,default
-873549.1628480001,0.487915447401679,1.1247249598299427,default
-873549.155878,0.76792520728142,1.512426908056546,default
-873549.143793,0.42313452497905185,1.2285914477079256,default
-873549.135692,0.743126630783081,1.5388248822630048,default
-873549.130139,0.3540755916089023,1.3198279614396524,default
-873549.122152,0.3701267505656962,1.3823287658097776,default
-873549.111228,0.35616634161150945,1.44160999046175,default
-873549.0972450001,0.39942235988913527,1.4204010836734393,default
-873549.083404,0.43270146670522797,1.4044296818241273,default
-873549.070927,0.4858570080294879,1.2625419539496736,default
-873549.061804,0.99,1.197560246571432,default
-873549.049822,0.9435157775878906,1.2005616969135087,default
-873549.043149,0.853450357913971,1.253548533071009,default
-873549.036853,0.9031872153282166,1.2004606009369359,default
-873549.029158,0.8630959391593933,1.2110471562171643,default
-873549.021455,0.9098013639450073,1.2218126834111773,default
-873549.013273,1.0,1.217306818402383,default
-873549.003671,0.8968068957328796,1.2616136085473455,default
-873548.9955740001,0.9700653553009033,1.2256406941636895,default
-873548.987071,0.8708726763725281,1.237273000300609,default
-873548.976138,0.8943910598754883,1.2396791495903905,default
-873548.966742,0.8716761469841003,1.247607776816651,default
-873548.9577510001,0.9127437472343445,1.2128549017398957,default
-873548.945898,1.0,1.2182719849935637,default
-873548.938355,0.9318345189094543,1.2230245513005489,default
-873548.9307510001,0.8378213047981262,1.2527276510150016,default
-873548.923522,0.9364421963691711,1.2218230294001975,default
-873548.915284,0.9010666012763977,1.2540109557890253,default
-873548.908281,0.9892812967300415,1.229809306468605,default
-873548.898835,0.9301643967628479,1.2563324317017401,default
-873548.887742,0.8560026288032532,1.2554615206478608,default
-873548.878271,0.8712243437767029,1.261303897569909,default
-873548.8671,0.9229822158813477,1.254656585015245,default
-873548.859003,0.907423198223114,1.2760007214952562,default
-873548.848317,0.8575393557548523,1.2301610496076876,default
-873548.8398140001,0.9273644089698792,1.254936388449285,default
-873548.834637,0.9815946817398071,1.2411767435106391,default
-873548.824386,0.916472852230072,1.2505662290566195,default
-873548.815675,0.9235082268714905,1.284043099034081,default
-873548.804384,0.8637836575508118,1.2289032761832224,default
-873548.800284,0.8512499332427979,1.2673153214734256,default
-873548.793288,0.8307408094406128,1.2605957976553968,default
-873548.785484,0.8572143316268921,1.2701807927717255,default
-873548.777433,1.0,1.2696046995703378,default
-873548.769428,0.8488008975982666,1.2765332022007128,default
-873548.761328,0.8697779178619385,1.2739461939721894,default
-873548.75324,0.7660220265388489,1.2631451840072314,default
-873548.741243,0.9930506348609924,1.238295163939895,default
-873548.728817,0.8881368041038513,1.2260576985774057,default
-873548.714528,0.9115656018257141,1.25075401395374,default
-873548.705262,0.9230064153671265,1.2320382254920408,default
-873548.691379,0.8960049152374268,1.2442526366809052,default
-873548.682827,0.9602185487747192,1.254281194544968,default
-873548.671896,0.8801079392433167,1.253645847542853,default
-873548.663484,0.917880654335022,1.2405612551493275,default
-873548.654422,0.8667725920677185,1.270542114663514,default
-873548.649342,0.8987598419189453,1.238063167071414,default
-873548.641286,0.872202455997467,1.2234739906318888,default
-873548.630721,0.9487749338150024,1.186934068309891,default
-873548.622387,0.8584519028663635,1.1895998791110247,default
-873548.614553,0.8893360495567322,1.1805474105066383,default
-873548.6033290001,0.7916164994239807,1.1967589647303702,default
-873548.591826,0.8556867241859436,1.1909369519058854,default
-873548.583826,0.9216876029968262,1.1843836822037015,default
-873548.5772,0.8798123598098755,1.1700214772116961,default
-873548.569375,0.7960607409477234,1.183679191640235,default
-873548.560359,0.8530590534210205,1.1630693198533057,default
-873548.553385,0.8632176518440247,1.1775890819877795,default
-873548.545185,0.7995720505714417,1.184328774624979,default
-873548.536522,0.8686698079109192,1.1875863498713364,default
-873548.526805,0.9361420273780823,1.1956520051395039,default
-873548.5167810001,0.9737823605537415,1.194727596273999,default
-873548.506388,0.35325673419244413,1.2488945686123794,default
-873548.4914930001,0.7753486740852248,0.8668675415967271,default
-873548.483284,0.3860362205294661,1.2267495838389078,default
-873548.469773,0.49142031507250156,1.3126548924074517,default
-873548.457967,0.7744469059709217,1.0254169578405214,default
-873548.448399,0.3846145704643794,1.166751038569089,default
-873548.438006,0.41737756369221546,1.2212229486760133,default
-873548.4245,0.45740264552540216,1.2607788576012098,default
-873548.414991,0.34008334306732946,1.1935542615049806,default
-873548.4061510001,0.2510466741615309,1.2896273048122815,default
-873548.397122,0.47848539326786427,1.2130217505905656,default
-873548.389084,0.3193701101124579,1.1673741759849707,default
-873548.373471,0.2886997584716732,1.3296943644531876,default
-873548.36171,0.34017800539190574,1.2991297216988436,default
-873548.351152,0.3456239594585102,1.3566784325211145,default
-873548.339546,0.7134807752612956,1.2902266282444392,default
-873548.331805,0.99,1.1059483895929074,default
-873548.323305,0.5345977731850465,1.3186411710311519,default
-873548.31519,0.5071268595095928,1.3839839134502023,default
-873548.307255,0.7380990982055664,1.1482905624894624,default
-873548.300718,0.8090183138847351,1.17496094840503,default
-873548.293176,0.8020769357681274,1.1994576373445383,default
-873548.285365,0.9322505593299866,1.2306298916617595,default
-873548.277275,0.89129638671875,1.2302445306110408,default
-873548.2694560001,0.9951571822166443,1.192952240170528,default
-873548.259872,0.8650068044662476,1.2043252932001618,default
-873548.252319,0.8769224882125854,1.2168821057079473,default
-873548.245349,1.0,1.210461605749157,default
-873548.237225,0.9023846387863159,1.2001823081887792,default
-873548.229426,0.8447374701499939,1.1866024757274927,default
-873548.22146,0.9640171527862549,1.2262890682804817,default
-873548.213431,0.9608096480369568,1.2128358357048956,default
-873548.205125,0.9294349551200867,1.228374972695398,default
-873548.19739,0.9875437617301941,1.2027588758766878,default
-873548.1894800001,0.9419264197349548,1.209533000542287,default
-873548.181146,0.8786266446113586,1.2273117033217797,default
-873548.171157,0.980815589427948,1.2592448432987426,default
-873548.161633,0.9003802537918091,1.2831667976536028,default
-873548.15219,0.9766703248023987,1.2305967864631966,default
-873548.139287,0.9090083241462708,1.2602108651970543,default
-873548.130002,0.8870726823806763,1.2329927872917534,default
-873548.118861,0.8878583908081055,1.2767906670653129,default
-873548.111877,0.8321588635444641,1.2778948431761448,default
-873548.105874,0.9033085703849792,1.2595118738356348,default
-873548.099065,0.8410071134567261,1.243186189428291,default
-873548.088389,0.9045402407646179,1.3097266432170636,default
-873548.080031,0.8546008467674255,1.3215690597759417,default
-873548.072092,0.8406822085380554,1.3057061447653777,default
-873548.060789,0.8273518681526184,1.2703215648247834,sitting
-873548.053246,0.9337533712387085,1.2722469481901535,sitting
-873548.045227,0.881825864315033,1.2714328673476087,sitting
-873548.035482,0.9443182349205017,1.2511288019322389,sitting
-873548.027494,0.8361781239509583,1.2521877526440854,sitting
-873548.0175300001,0.9151067137718201,1.2619828870653982,sitting
-873548.005821,0.9168873429298401,1.2997192583698949,sitting
-873547.997014,0.9638828635215759,1.2948016100717719,sitting
-873547.98611,0.9153687357902527,1.2856847533778026,sitting
-873547.978316,0.9524749517440796,1.292019514099895,sitting
-873547.969565,0.8325062394142151,1.306611119818263,sitting
-873547.960026,0.921834409236908,1.2904735764401112,sitting
-873547.951034,0.8459141850471497,1.2615699567138678,sitting
-873547.941482,0.8169435858726501,1.312844111059671,sitting
-873547.93428,0.9992049932479858,1.3105152512491776,sitting
-873547.925612,0.9685103893280029,1.3280673134662448,sitting
-873547.918537,0.8163290619850159,1.4095357249949503,sitting
-873547.908049,0.3721519529933924,1.3510114620945934,sitting
-873547.895776,0.37218317723488853,1.3515356229901814,sitting
-873547.8809860001,0.4226322173958295,1.290404448719864,sitting
-873547.869712,0.37047222526716433,1.325199286005962,sitting
-873547.8568000001,0.3461659026286891,1.3782210192763422,sitting
-873547.849192,0.43110992675379284,1.2987206019707527,sitting
-873547.838424,0.35057887434032015,1.3880909478438892,sitting
-873547.822597,0.353379258025,1.38408589356654,sitting
-873547.807261,0.3693608385886454,1.3444758384060886,sitting
-873547.789783,0.99,1.2386354367072387,sitting
-873547.7779,0.8851082921028137,1.223848358844216,sitting
-873547.769492,0.9614986181259155,1.1932664184967088,sitting
-873547.759866,0.7900773882865906,1.1844691493034012,sitting
-873547.751658,0.8963013291358948,1.195139570231862,sitting
-873547.742742,0.9291986227035522,1.1908113428958567,sitting
-873547.732891,1.0,1.1845550585425038,sitting
-873547.7242620001,0.9250289797782898,1.1851387747491722,sitting
-873547.712709,0.9311573505401611,1.2013297626978328,sitting
-873547.703172,0.7686454653739929,1.165354738589952,sitting
-873547.6930730001,1.0,1.1861839263033307,sitting
-873547.6839620001,1.0,1.1810506150740818,sitting
-873547.673194,0.822145938873291,1.209688957604719,sitting
-873547.665228,0.9552732110023499,1.1830992257803952,sitting
-873547.656738,0.7951403260231018,1.1636508119907214,sitting
-873547.649137,1.0,1.1863000349394666,sitting
-873547.6410920001,0.9287691712379456,1.1675359627835218,sitting
-873547.631371,0.9815831184387207,1.1938370360128152,sitting
-873547.623063,0.9181467294692993,1.17248806070576,sitting
-873547.612816,0.9598202109336853,1.205937106130798,sitting
-873547.6042770001,0.9040161967277527,1.1912340008281141,sitting
-873547.596522,0.876903772354126,1.1889449001945471,sitting
-873547.58857,0.8761914372444153,1.1803266464870892,sitting
-873547.5768640001,0.22790053758705034,1.175281385886799,sitting
-873547.564615,0.2590200570744527,1.1624300388925546,sitting
-873547.551833,0.3242511728829463,1.4312308889904486,sitting
-873547.534354,0.4409613408815073,1.3132835925906114,sitting
-873547.522296,0.3845856183250555,1.476921908453762,sitting
-873547.506335,0.3977350920373604,1.1809369639352139,sitting
-873547.495222,0.16064212424238924,1.3157891546917493,sitting
-873547.483446,0.32969709103244177,1.2480554671502126,sitting
-873547.471684,0.2925869918008309,1.4079408190611717,sitting
-873547.458334,0.28068405298303833,1.2347021429590428,sitting
-873547.447177,0.7298667456122875,1.1245664298446245,sitting
-873547.433102,0.4723905128388076,1.3121939551399677,sitting
-873547.418066,0.4985662916571759,1.3406057332909178,sitting
-873547.403483,0.30489740129470283,1.3100436376995805,sitting
-873547.388469,0.99,1.1477700467271386,sitting
-873547.380687,0.7576131224632263,1.1563099791077933,sitting
-873547.3733110001,0.8539854884147644,1.1141703910640586,sitting
-873547.36385,0.7957755327224731,1.153305474577464,sitting
-873547.357363,0.9191097021102905,1.1832913862899592,sitting
-873547.349475,0.9474924206733704,1.2439224080499955,sitting
-873547.341269,1.0,1.2283404992001077,sitting
-873547.330086,0.7991939783096313,1.1831659434241546,sitting
-873547.321338,0.8896154165267944,1.1590299272620546,sitting
-873547.3094660001,0.8469908833503723,1.1796419673842125,sitting
-873547.300829,0.901997447013855,1.2040503728822118,sitting
-873547.290886,0.8846099376678467,1.2077439253356346,sitting
-873547.284554,0.9119068384170532,1.1878921149135495,sitting
-873547.277075,0.8165484070777893,1.222622075301853,sitting
-873547.268632,0.915564239025116,1.1745172237351267,sitting
-873547.259423,0.9434599876403809,1.1913184239050674,sitting
-873547.250395,0.8880957961082458,1.1890404728707753,sitting
-873547.244359,0.7786926627159119,1.1931269467128671,sitting
-873547.236201,0.8134036660194397,1.2107643376553923,sitting
-873547.2273350001,0.8187684416770935,1.1974280837339584,sitting
-873547.2201190001,0.7849170565605164,1.2146571801024746,sitting
-873547.212902,0.8673317432403564,1.2047090805337337,sitting
-873547.205275,0.8636435270309448,1.1985731972377147,sitting
-873547.194279,0.8438557386398315,1.1977659494650217,sitting
-873547.189283,0.8349055051803589,1.2127328721036479,sitting
-873547.179664,0.8880873322486877,1.221057424667893,sitting
-873547.170701,0.8642863035202026,1.2353980109488614,sitting
-873547.163086,0.8723788261413574,1.2213963880444556,sitting
-873547.155124,0.8747923970222473,1.2362757680460148,sitting
-873547.1491960001,0.7710482478141785,1.222166764018164,sitting
-873547.14127,0.8378371596336365,1.2476332277845206,sitting
-873547.1313070001,0.8860766291618347,1.22817327614337,sitting
-873547.122688,0.8942253589630127,1.2236100610299268,sitting
-873547.114369,0.8277748823165894,1.2288050335465264,sitting
-873547.103118,0.8507483601570129,1.2362857962493279,sitting
-873547.092678,0.9495277404785156,1.2311297969854476,sitting
-873547.085115,0.8637128472328186,1.2195683387542111,sitting
-873547.076701,0.8112183809280396,1.2298298712402995,sitting
-873547.068607,0.9228841662406921,1.2238971981392073,sitting
-873547.060825,0.8719120621681213,1.220541395559568,sitting
-873547.049883,0.9636773467063904,1.2477357242586073,sitting
-873547.041039,0.5453109584326528,1.1815265956619858,sitting
-873547.029093,0.23353489181044962,1.6271143190082427,sitting
-873547.016054,0.3152970167616835,1.4499313462489813,sitting
-873546.998978,0.21909333943365397,1.3030151728757273,sitting
-873546.98637,0.24480325135060615,1.5162775239583128,sitting
-873546.974129,0.32944208378969136,1.3665044286955528,sitting
-873546.962406,0.26350747437282723,1.3903775166988495,sitting
-873546.949762,0.35352166301834137,1.2367178191261985,sitting
-873546.931796,0.35110242779967027,1.3027164810932161,sitting
-873546.915792,0.3969153413422332,1.0822724085485684,sitting
-873546.906445,0.38241429518607833,1.282798646167321,sitting
-873546.8936140001,0.34694552254812544,1.4870427900760017,sitting
-873546.880778,0.35120792031840936,1.1402815216178959,sitting
-873546.868783,0.18673819231361047,1.585053278413151,sitting
-873546.8606530001,0.19960020580014723,1.362257887646336,sitting
-873546.8515090001,0.2581080683860459,1.4032522790930106,sitting
-873546.842633,0.250274404750176,1.4530512774564732,sitting
-873546.835172,0.27123371162547627,1.4409274118503568,sitting
-873546.826407,0.5223555323087281,1.162919032660116,sitting
-873546.818293,0.4800617170845026,1.2446826086602756,sitting
-873546.804669,0.8758233005750143,0.9584962564443789,sitting
-873546.796821,0.7871901392936707,1.0760678796045142,sitting
-873546.791643,0.5240502432567203,1.3244216484605134,sitting
-873546.7829710001,0.551248394177793,1.3629720608796947,sitting
-873546.774874,0.5345023151229767,1.3523359970493152,sitting
-873546.765625,0.5385065865793531,1.3149006880647338,sitting
-873546.756008,0.5432318833270825,1.4286067942903218,sitting
-873546.744395,0.4870286716774129,1.389627074966958,sitting
-873546.732177,0.5837650761271405,1.2617713669175719,sitting
-873546.725096,0.5547985754196213,1.1434263961157987,sitting
-873546.715962,0.49467667726645353,1.1693405099221268,sitting
-873546.70756,0.5389613259061219,1.2405409944807726,sitting
-873546.701442,0.39492241995812016,1.332070596964372,sitting
-873546.694766,0.5541289905797684,1.225898168779707,sitting
-873546.680849,0.3847522306221326,1.292109809862386,sitting
-873546.670307,0.39672697765458453,1.3327483085137217,sitting
-873546.6566260001,0.42197958535023034,1.2849279808873604,sitting
-873546.643575,0.54396916228579,1.19393638658884,sitting
-873546.632158,0.99,1.2117927112275613,sitting
-873546.62104,0.9158050417900085,1.2151718885602145,sitting
-873546.615809,0.867019772529602,1.21777893082142,sitting
-873546.609302,0.878863513469696,1.200372557866849,sitting
-873546.6012810001,0.8304617404937744,1.1902255169984493,sitting
-873546.592263,0.8274796605110168,1.2351213498173381,sitting
-873546.5848460001,0.8958612680435181,1.254270848604012,sitting
-873546.576427,0.8195610046386719,1.2519479042281945,sitting
-873546.567728,0.8736388087272644,1.2377154144192621,sitting
-873546.556467,0.8847006559371948,1.2460357451110409,sitting
-873546.547838,0.856056272983551,1.257002478223205,sitting
-873546.538287,0.8998832106590271,1.2349242790662744,sitting
-873546.530408,0.7888524532318115,1.2178362428574308,sitting
-873546.524939,0.7369381189346313,1.2495541452296743,sitting
-873546.518154,0.798153281211853,1.2422827263916618,sitting
-873546.510256,0.7024575471878052,1.2346332925883052,sitting
-873546.50171,0.86053866147995,1.2107432710531496,sitting
-873546.4904690001,0.8521813154220581,1.2324167744401122,sitting
-873546.480875,0.7906984686851501,1.2313185384464007,sitting
-873546.469298,0.8568171858787537,1.2358683642293187,sitting
-873546.460388,0.8208666443824768,1.25834376261693,sitting
-873546.451242,0.845037043094635,1.2551404818511198,sitting
-873546.4442510001,0.7485434412956238,1.2282226299862815,sitting
-873546.437121,0.8408889770507812,1.2190140706458283,sitting
-873546.4277400001,0.824227511882782,1.2399893574445051,sitting
-873546.4213950001,0.883425235748291,1.2316126759884831,sitting
-873546.413341,0.8456116914749146,1.2183995923314246,sitting
-873546.402927,0.8263396620750427,1.2093755921652964,sitting
-873546.393727,0.8495376110076904,1.2084743127026973,sitting
-873546.38469,0.8733533024787903,1.2014258859323066,sitting
-873546.373524,0.8406975865364075,1.2258917711419008,sitting
-873546.365167,0.8317901492118835,1.1977226066028486,sitting
-873546.353149,0.8734142184257507,1.1876585608718981,sitting
-873546.344693,0.7776564359664917,1.2299801005703963,sitting
-873546.334495,0.8462269902229309,1.2207428978914066,sitting
-873546.3262690001,0.7818177938461304,1.223995228984852,sitting
-873546.317107,0.8641487956047058,1.1869579473489793,sitting
-873546.306479,0.9034504890441895,1.2331891474897594,sitting
-873546.29789,0.8272908329963684,1.2041037081956762,sitting
-873546.290084,0.9130779504776001,1.1847942028450764,sitting
-873546.282646,0.8615785241127014,1.182669237590956,sitting
-873546.271445,0.9077579975128174,1.196251228185763,sitting
-873546.2628060001,0.7623048424720764,1.2147357123606533,sitting
-873546.251917,0.7502791285514832,1.2300239596810885,sitting
-873546.24346,0.8756481409072876,1.188548923364975,sitting
-873546.235797,0.7895079255104065,1.1755285159881161,sitting
-873546.227302,0.8237903714179993,1.1848537800238632,sitting
-873546.2214490001,0.8651378750801086,1.1725138502933303,sitting
-873546.21338,0.7932137250900269,1.1838149194514394,sitting
-873546.205481,0.48631188204900583,1.283747326321139,sitting
-873546.197035,0.395306135046807,1.2183674917363057,sitting
-873546.182512,0.23023369371414862,1.3554131921037036,sitting
-873546.167672,0.48916968336016875,1.2955030018993043,sitting
-873546.1532470001,0.9585473481357095,1.0299356047295363,sitting
-873546.139583,0.2812026066774052,1.3343803577045454,sitting
-873546.126149,0.36424282358607735,1.2470542856477471,sitting
-873546.111336,0.7289177470510511,1.005535577294466,sitting
-873546.102196,0.8979201373577558,1.0681184277902305,sitting
-873546.092403,0.38906774455547105,1.386747318577656,sitting
-873546.0805,0.32589878873010936,1.1627654906326939,sitting
-873546.066612,0.23142208511233378,1.3985575322097268,sitting
-873546.051863,0.4073236632934796,1.13955119738106,sitting
-873546.036787,0.5111793517962545,1.3031241711958823,sitting
-873546.013674,0.513317015270423,1.2931640252424814,sitting
-873546.002224,0.7633228302001953,1.1982873899034319,sitting
-873545.992876,0.5609067038318851,1.3533174327931388,sitting
-873545.982576,0.5296198045386064,1.428678780997814,sitting
-873545.972988,0.5566869076591837,1.344169701519049,sitting
-873545.964695,0.48633912589886397,1.3397811689364891,sitting
-873545.957136,0.4039805848794213,1.2995658536788333,sitting
-873545.950602,0.541111935703506,1.2305872780290743,sitting
-873545.9406890001,0.40242415855634284,1.2054590470498785,sitting
-873545.931189,0.3259201301104158,1.435302611451128,sitting
-873545.92284,0.32154070218398945,1.417067874566528,sitting
-873545.915169,0.5594668381912661,1.2150170855334936,sitting
-873545.904111,0.47196686241016694,1.3480944302660252,sitting
-873545.895537,0.38769636132146673,1.3158978467873883,sitting
-873545.889107,0.41401667838657297,1.2286655820846692,sitting
-873545.881422,0.4448011090984187,1.4428904978093633,sitting
-873545.8721490001,0.3954791006741924,1.2690328973743412,sitting
-873545.861966,0.42405715771374364,1.3996352728651869,sitting
-873545.8528,0.99,1.2032261534037998,sitting
-873545.846173,0.8273583650588989,1.1740835771181084,sitting
-873545.838188,0.886195957660675,1.1955220013547971,sitting
-873545.82922,0.8764545321464539,1.2259982515424248,sitting
-873545.824836,0.8107321858406067,1.2033737678087135,sitting
-873545.817415,0.7595940828323364,1.2189515140520664,sitting
-873545.809428,0.7779556512832642,1.2202282767366572,sitting
-873545.801457,0.7772378325462341,1.2203448632679637,sitting
-873545.793358,0.8341103792190552,1.2050365890839263,sitting
-873545.785467,0.8646798133850098,1.2341342602828296,sitting
-873545.7774,0.7973849773406982,1.225450881102244,sitting
-873545.769451,0.8404896259307861,1.2425399866344855,sitting
-873545.761335,0.8180700540542603,1.2769079568979889,sitting
-873545.7534800001,0.9462910890579224,1.2722470346236268,sitting
-873545.745434,0.7486122250556946,1.3262746815140254,sitting
-873545.737232,0.9094023108482361,1.3364678174192783,sitting
-873545.729465,0.87491774559021,1.2846600972494144,sitting
-873545.7210820001,0.9266965985298157,1.2302421060233417,sitting
-873545.712693,0.8979933261871338,1.2495615710197883,sitting
-873545.703281,0.7572422623634338,1.2531692251263533,sitting
-873545.693707,0.7854067087173462,1.2265621906006512,sitting
-873545.683609,0.8189971446990967,1.2348650943517447,sitting
-873545.671055,0.794644832611084,1.2279195157591558,sitting
-873545.66262,0.9037553668022156,1.2372542217231044,sitting
-873545.649502,0.8743202090263367,1.2268813219648584,sitting
-873545.6400830001,0.8923893570899963,1.2353545076522399,sitting
-873545.629755,0.801676869392395,1.2377380034102292,sitting
-873545.61958,0.7898271083831787,1.224596666834736,sitting
-873545.612863,0.9180455803871155,1.2097023387113164,sitting
-873545.604684,0.9189273118972778,1.207208189937556,sitting
-873545.595061,0.942571222782135,1.2132005021657934,sitting
-873545.587009,0.8216894268989563,1.2457478402089586,sitting
-873545.58051,0.8928515911102295,1.2135403024648221,sitting
-873545.572058,0.807332456111908,1.2323692079119115,sitting
-873545.561838,0.8454365134239197,1.2126798260386304,sitting
-873545.5539470001,0.8217984437942505,1.2085806044608396,sitting
-873545.546419,0.8705620169639587,1.1868860010795346,sitting
-873545.53678,0.8597084879875183,1.2025091523584042,sitting
-873545.52922,0.8425602912902832,1.2133394435265514,sitting
-873545.522176,0.7798928022384644,1.207035098945691,sitting
-873545.51673,0.7954763174057007,1.2141042518512304,sitting
-873545.50933,0.8537267446517944,1.2405869434924552,sitting
-873545.499526,0.9108828902244568,1.1825806637436265,sitting
-873545.491908,0.8492574691772461,1.233243510481428,sitting
-873545.484899,0.8827555179595947,1.1933192801070556,sitting
-873545.477318,0.7869387865066528,1.1950155115726728,sitting
-873545.468915,0.9074583649635315,1.2382672597765305,sitting
-873545.460971,0.839603066444397,1.210810531215186,sitting
-873545.4480730001,0.9556431770324707,1.2057218107055832,sitting
-873545.4418040001,0.8264206051826477,1.210702624839727,sitting
-873545.433123,0.9360799789428711,1.1761690288399773,sitting
-873545.420762,0.7329028248786926,1.2172020985818128,sitting
-873545.410847,0.9665470719337463,1.16229876779194,sitting
-873545.39911,0.8883373737335205,1.1773271923654707,sitting
-873545.392508,0.8644891381263733,1.1759754631192134,sitting
-873545.382099,0.7783632278442383,1.1889549008810545,sitting
-873545.369324,0.99,1.1698079879774266,sitting
-873545.35575,0.7460606694221497,1.1987931766860025,sitting
-873545.346069,0.8412628173828125,1.1800316361914382,sitting
-873545.336991,0.8019587397575378,1.1953855881548758,sitting
-873545.326441,0.9031416177749634,1.1801450574354493,sitting
-873545.317955,0.960748016834259,1.195203941884535,sitting
-873545.3070500001,0.9076197743415833,1.1928922968652964,sitting
-873545.29701,0.8665878176689148,1.1851987526436738,sitting
-873545.283579,0.9631434679031372,1.191456938056426,sitting
-873545.272626,1.0,1.2063514664250254,sitting
-873545.2633250001,0.9317084550857544,1.197162341590805,sitting
-873545.255617,0.9131565093994141,1.183829556159588,sitting
-873545.245518,0.8699740767478943,1.1857650894561411,sitting
-873545.2334350001,0.8004841208457947,1.1900202233979709,sitting
-873545.224986,0.9495611190795898,1.1964404793716414,sitting
-873545.213471,0.9476824402809143,1.1771300561480027,sitting
-873545.20437,0.9434415698051453,1.1975834578166085,sitting
-873545.193102,0.8880288600921631,1.195131489961145,sitting
-873545.184376,0.8363716006278992,1.2043326269329495,sitting
-873545.178877,0.8016397953033447,1.2743840990446107,sitting
-873545.172009,0.832653820514679,1.2174247051989,sitting
-873545.165108,0.8587958216667175,1.2418707197570074,sitting
-873545.157158,0.887803316116333,1.236006529659032,sitting
-873545.14846,0.91974937915802,1.242130602616394,sitting
-873545.137074,0.8657723665237427,1.2122687853480563,sitting
-873545.130403,0.9204397201538086,1.2279675512401305,sitting
-873545.124668,0.948251485824585,1.2187674523961105,sitting
-873545.116543,0.7487578392028809,1.2584442223401329,sitting
-873545.107271,0.8642716407775879,1.25313477721083,sitting
-873545.097852,0.8959203362464905,1.2491440833810628,sitting
-873545.088312,0.8912423253059387,1.2263075422399417,sitting
-873545.080204,0.9816320538520813,1.2232243056356915,sitting
-873545.0720180001,0.7769745588302612,1.2644830847544068,sitting
-873545.062446,0.8802981376647949,1.247020443259737,sitting
-873545.055477,0.8528119921684265,1.2417823830313042,sitting
-873545.046861,0.9214962720870972,1.2370357385696331,sitting
-873545.037135,0.7675421237945557,1.2428421122271258,sitting
-873545.029436,0.9234278798103333,1.2343875460032465,sitting
-873545.019152,0.9211328029632568,1.2349975813927383,sitting
-873545.007642,0.8352113962173462,1.239870151420282,sitting
-873545.000032,0.9381338357925415,1.2322929269133032,sitting
-873544.991919,0.9569281339645386,1.2305405710556316,sitting
-873544.982474,0.943526566028595,1.2353247242781498,sitting
-873544.973233,0.9762412905693054,1.2514475140828272,sitting
-873544.962102,0.464756426077849,1.2170775868363295,sitting
-873544.9479,0.4375635173296605,1.2651266619833916,sitting
-873544.9367130001,0.3928233732672029,1.2626753641430826,sitting
-873544.929279,0.3679680721726243,1.0260236627230137,sitting
-873544.916967,0.38340355379504276,1.1600453799416766,sitting
-873544.904609,0.5028985735405065,1.2752219500489859,sitting
-873544.891389,0.4071549812320809,1.4584412769394848,sitting
-873544.878392,0.4361194335796718,1.2436008829208811,sitting
-873544.863969,0.16352993824075635,1.414139219924408,sitting
-873544.8556690001,0.25490734939547227,1.2211213593174137,sitting
-873544.846615,0.3609243487439588,0.9477983614650776,sitting
-873544.836876,0.29949799396077953,1.1659673625711946,sitting
-873544.8256560001,0.31915119858984853,1.376630638866947,sitting
-873544.8119890001,0.7485538294983645,0.9614489108259421,sitting
-873544.802802,0.7225557565689087,0.9882073712916921,sitting
-873544.794348,0.7444928288459778,1.139321619165628,sitting
-873544.788366,0.724392831325531,1.1798741500168148,sitting
-873544.782247,0.8724841475486755,1.2752353543189519,sitting
-873544.77604,0.8237743973731995,1.3629951142363579,sitting
-873544.769111,0.750716507434845,1.4500886280437184,sitting
-873544.76134,0.49872899695092615,1.3112750673956448,sitting
-873544.753398,0.39770569120639704,1.2358508263937837,sitting
-873544.743196,0.4753832956140209,1.169701395735062,sitting
-873544.7367,0.4157376670050637,1.2300758427627363,sitting
-873544.7290320001,0.3973005424811127,1.198709710240851,sitting
-873544.721303,0.37408135460208997,1.1958652831242165,sitting
-873544.707303,0.42080481605179193,1.2212640244449595,sitting
-873544.6974920001,0.5556032511455824,1.28203389245588,sitting
-873544.688878,0.5766799661274701,1.2854887698828765,sitting
-873544.681374,0.4570268385970551,1.4033447155113397,sitting
-873544.672349,0.5512999780951233,1.2923977968895901,sitting
-873544.662046,0.99,1.2654325803021398,sitting
-873544.652836,0.920948326587677,1.2622928324376965,sitting
-873544.644689,0.845731258392334,1.2611636716461216,sitting
-873544.636366,0.808846652507782,1.2648685654281975,sitting
-873544.6273480001,0.8603386878967285,1.251637393797112,sitting
-873544.620019,0.9600051045417786,1.2615025409077907,sitting
-873544.60994,0.7875851988792419,1.3196174507626237,sitting
-873544.600051,0.3713759438025275,1.278884836901046,sitting
-873544.584073,0.26679106048625484,1.498450802615353,sitting
-873544.57264,0.14463862447440928,1.340441870796755,sitting
-873544.561114,0.9558312290371029,0.6974775608185553,sitting
-873544.550394,0.8226438228508466,1.1147012514928032,sitting
-873544.544696,0.2687232166296768,1.440479641119318,sitting
-873544.536922,0.27893296782842014,1.161563547943747,sitting
-873544.525574,0.35290335136492296,1.1424085627402567,sitting
-873544.5134930001,0.2622768768445365,1.3372917335442613,sitting
-873544.501868,0.31077357368400454,1.3775013859368772,sitting
-873544.490549,0.2859303875810299,1.454276299019464,sitting
-873544.481883,0.2820877889395677,1.483334240457891,sitting
-873544.4684370001,0.2574672079962752,1.2234156961053833,sitting
-873544.457176,0.29513448305531703,1.164288455054841,sitting
-873544.445898,0.4164047346843363,1.0664905297782377,sitting
-873544.4278150001,0.7315094359034204,0.9952830842953397,sitting
-873544.417717,0.8276396687507311,1.0246194835851261,sitting
-873544.409202,0.7090945839881897,1.1658971181260087,sitting
-873544.4032470001,0.5918123535564942,1.4302085232091466,sitting
-873544.393897,0.7142704725265503,1.2743452726271731,sitting
-873544.386203,0.7177245020866394,1.348211086513159,sitting
-873544.3785400001,0.5979231874447658,1.3909330566468898,sitting
-873544.370042,0.7692224979400635,1.5353677205524696,sitting
-873544.363928,0.5618577587533764,1.2260268978775821,sitting
-873544.349337,0.5725947113883086,1.2276365871374062,sitting
-873544.337508,0.5615600780851921,1.2007879179943322,sitting
-873544.326279,0.6,1.2411009992168367,sitting
-873544.312587,0.547977110441511,1.2050520480324085,sitting
-873544.295834,0.5483676001196381,1.2041566306215472,sitting
-873544.281536,0.5488349087963359,1.2295886340501858,sitting
-873544.26456,0.5220898066405943,1.2390246400915998,sitting
-873544.250419,0.5594400926802986,1.2054636412214013,sitting
-873544.241501,0.5653615162611264,1.2181157640863893,sitting
-873544.235381,0.5940921099749339,1.2061148724231567,sitting
-873544.22769,0.5251257991960192,1.2592869255470314,sitting
-873544.211001,0.6,1.216920686794817,sitting
-873544.195477,0.5513498826156735,1.2237515260588174,sitting
-873544.176175,0.5364879530615451,1.2317085962772092,sitting
-873544.158029,0.6,1.251231289029335,sitting
-873544.139697,0.4401892841809784,1.3973879400651952,sitting
-873544.12066,0.6,1.2252633073112333,sitting
-873544.106123,0.5501669124172419,1.226436613772183,sitting
-873544.089897,0.4943446686867138,1.2520247883639302,sitting
-873544.075374,0.49925647047681837,1.239288861485341,sitting
-873544.058267,0.99,1.1975686118415596,sitting
-873544.045485,0.3322812157799707,1.3587187045120244,sitting
-873544.028923,0.34966027733795785,1.4878253087963795,sitting
-873544.015314,0.36356026458281193,1.4624245268458123,sitting
-873544.0031580001,0.40254767481085113,1.364218030583288,sitting
-873543.985727,0.3495655023428453,1.4943884920089459,sitting
-873543.970631,0.3602638494979235,1.4412397451741308,sitting
-873543.958722,0.33802935977947207,1.4555223185749906,sitting
-873543.9481950001,0.40067654476305115,1.5000105639554793,sitting
-873543.938482,0.34734861134084016,1.3769952277261726,sitting
-873543.9304600001,0.46172838413636996,1.4091335682729098,sitting
-873543.9219900001,0.3617462756963887,1.396176074357141,sitting
-873543.9113200001,0.43835047866043436,1.33108200457034,sitting
-873543.897585,0.37248280371150705,1.7221071132445163,sitting
-873543.882131,0.4195065931448386,1.4323753227933507,sitting
-873543.865828,0.5836969868900097,1.3688983951985003,sitting
-873543.847866,0.99,1.1740984257538885,sitting
-873543.838244,0.7761314511299133,1.178677003532766,sitting
-873543.825849,0.8087688684463501,1.1642923807540386,sitting
-873543.816932,0.9077007174491882,1.171391566301264,sitting
-873543.808864,0.867910623550415,1.1698669449076151,sitting
-873543.800525,0.870762050151825,1.1945413406537777,sitting
-873543.792126,0.9180999398231506,1.192477563386122,sitting
-873543.7852800001,0.7947499752044678,1.1844262777099734,sitting
-873543.776349,0.9481368064880371,1.1897459682682556,sitting
-873543.769284,0.8013358116149902,1.2120170164843573,sitting
-873543.761326,0.7959417104721069,1.1882163482045098,sitting
-873543.752426,0.817014217376709,1.1760008840693317,sitting
-873543.744129,0.7101823091506958,1.1779212529488317,sitting
-873543.734023,0.8102593421936035,1.1921129345154764,sitting
-873543.726348,0.8151838779449463,1.1814506122574944,sitting
-873543.721353,0.7664770483970642,1.1902781831520635,sitting
-873543.713155,0.7783366441726685,1.180190156513564,sitting
-873543.702807,0.7690428495407104,1.1922333455705383,sitting
-873543.692992,0.7605670094490051,1.1933822782772183,sitting
-873543.684242,0.8367565274238586,1.183015851111426,sitting
-873543.674305,0.7480682730674744,1.1923115646148097,sitting
-873543.6660730001,0.7971274852752686,1.1757766084247256,sitting
-873543.658138,0.8121417760848999,1.181018417861583,sitting
-873543.649352,0.8095707297325134,1.2133470784956017,sitting
-873543.637107,0.836382269859314,1.2113959905414138,sitting
-873543.629173,0.8586224913597107,1.1898747059100927,sitting
-873543.621219,0.8095518350601196,1.1788247665715037,sitting
-873543.613242,0.7684982419013977,1.1815370051151572,sitting
-873543.605464,0.759394109249115,1.2026527400298397,sitting
-873543.5971370001,0.8342639207839966,1.182823984092542,sitting
-873543.589253,0.8486647605895996,1.1763947089438416,sitting
-873543.579301,0.9176191091537476,1.177675218430927,sitting
-873543.568363,0.9201936721801758,1.1582828845343314,sitting
-873543.561299,0.8089433908462524,1.1854482915478672,sitting
-873543.551368,0.9630776643753052,1.2370300223547486,sitting
-873543.5401560001,0.25530106220224386,1.5216988000417206,sitting
-873543.526139,0.3101380553602439,1.107746724760995,sitting
-873543.513724,0.48167258424863124,1.4233259638092641,sitting
-873543.495897,0.4160760391796936,1.4878169771421774,sitting
-873543.479947,0.4822408756152466,1.2606739847305408,sitting
-873543.467683,0.2117110607385193,1.3852615390515624,sitting
-873543.458263,0.19757634224610598,1.230708074853574,sitting
-873543.4501520001,0.25386018862370757,1.188889434443579,sitting
-873543.439543,0.33963442438135716,1.048158978971717,sitting
-873543.432255,0.4185593440373825,1.2905782042151492,sitting
-873543.419762,0.4896398068387079,1.4577405180867737,sitting
-873543.4113490001,0.4163118698305466,1.4766397634940418,sitting
-873543.404833,0.37000347597521294,1.5126031978920076,sitting
-873543.392336,0.38848364023919774,1.7036704164509011,sitting
-873543.3802990001,0.7937739512871904,0.9229539076523543,sitting
-873543.37161,0.488855872967504,1.3788750066630557,sitting
-873543.358587,0.8588844537734985,1.142455356032308,sitting
-873543.3518160001,0.5219535342453884,1.2369520377472432,sitting
-873543.338987,0.802787721157074,1.2422334455949553,sitting
-873543.328213,0.32582194479509796,1.5560023450457363,sitting
-873543.317856,0.6,1.2160753291670527,sitting
-873543.3012110001,0.6,1.2385082472350213,sitting
-873543.283304,0.6,1.221724113375997,sitting
-873543.272402,0.6,1.2378995703797293,sitting
-873543.254663,0.6,1.2312816049622,sitting
-873543.243763,0.6,1.2470367438176124,sitting
-873543.230397,0.6,1.2360653923628395,sitting
-873543.220116,0.6,1.22646395717915,sitting
-873543.213232,0.6,1.2354136545824828,sitting
-873543.20122,0.6,1.2544950831618942,sitting
-873543.1878900001,0.6,1.249868382821214,sitting
-873543.176716,0.6,1.2524964960021392,sitting
-873543.162534,0.6,1.246881888082839,sitting
-873543.152521,0.6,1.2459013434490607,sitting
-873543.140913,0.6,1.273142166473198,sitting
-873543.129774,0.6,1.2555068739091038,sitting
-873543.1169060001,0.6,1.3167164917824654,sitting
-873543.103333,0.6,1.3238084686366514,sitting
-873543.089155,0.99,1.1985462033851069,sitting
-873543.0768960001,0.7660616040229797,1.2229487426310688,sitting
-873543.0677220001,0.8394172191619873,1.276793637120023,sitting
-873543.060248,0.8535135388374329,1.255850572740937,sitting
-873543.0502780001,0.8269798755645752,1.226877486235403,sitting
-873543.042469,0.8174875974655151,1.2400419958881326,sitting
-873543.0306020001,0.912325918674469,1.2563475086571474,sitting
-873543.023952,0.920336127281189,1.2989205169233986,sitting
-873543.0173450001,0.7622233033180237,1.2774787150737974,sitting
-873543.006309,0.9588432908058167,1.2463503250452619,sitting
-873543.00053,0.9835354089736938,1.2070433969757155,sitting
-873542.993194,0.9160095453262329,1.2004343856084367,sitting
-873542.985302,0.7414958477020264,1.2310964591484939,sitting
-873542.97658,0.8493902683258057,1.1855777012484747,sitting
-873542.969282,0.8078179955482483,1.218686237885767,sitting
-873542.961365,0.8019739389419556,1.194481668271159,sitting
-873542.953437,0.9155887961387634,1.2008630581540949,sitting
-873542.943197,0.8013055920600891,1.1912455234075594,sitting
-873542.930716,0.8912438750267029,1.1937843806607416,sitting
-873542.91859,0.8780611753463745,1.1916275189086245,sitting
-873542.9059230001,0.8118261098861694,1.1734035026369072,sitting
-873542.8969470001,0.9619168639183044,1.2006280479788014,sitting
-873542.885687,0.8338342308998108,1.2300114609628028,sitting
-873542.876789,0.7817916870117188,1.1949600059998513,sitting
-873542.8682350001,0.8755006790161133,1.1918740334707123,sitting
-873542.859233,0.9690948128700256,1.1659438070385746,sitting
-873542.850817,0.869105875492096,1.1709893060739538,sitting
-873542.843142,0.7938121557235718,1.2018726358570482,sitting
-873542.834282,0.7779473066329956,1.2095638716322554,sitting
-873542.824038,0.8469890356063843,1.2396361137356298,sitting
-873542.816353,0.837580144405365,1.2316324506846583,sitting
-873542.806486,0.8271470665931702,1.2096034332206047,sitting
-873542.7971120001,0.8257421851158142,1.2082869533107554,sitting
-873542.786277,0.8433731198310852,1.1743652183689668,sitting
-873542.778396,0.7740249037742615,1.18007269581109,sitting
-873542.773799,0.8639138340950012,1.1782655024234154,sitting
-873542.7683550001,0.8673981428146362,1.1717795735361092,sitting
-873542.760483,0.7543967366218567,1.1754184711210702,sitting
-873542.7532650001,0.8588911294937134,1.1652352267961388,sitting
-873542.742522,0.8739725947380066,1.1680082267173386,sitting
-873542.733247,0.9116609692573547,1.1530165763813485,sitting
-873542.722942,0.871826171875,1.1554611259181264,sitting
-873542.714592,0.8939687609672546,1.1310335022631284,sitting
-873542.7038830001,0.8837672472000122,1.1682589514239203,sitting
-873542.695407,0.8103675246238708,1.144852164526304,sitting
-873542.687874,0.8969569206237793,1.1672948687840283,sitting
-873542.675771,0.4649133097447917,1.3400874102484757,sitting
-873542.668968,0.8685125708580017,1.1807508126234834,sitting
-873542.661355,0.8729413151741028,1.1948178148661377,sitting
-873542.652859,0.8872591257095337,1.2162295478124845,sitting
-873542.643687,0.8776593804359436,1.1534592766812244,sitting
-873542.635355,0.8494064807891846,1.1956364569115117,sitting
-873542.626189,0.8259992599487305,1.1517057601880065,sitting
-873542.616792,0.7142760157585144,1.1620852255423073,sitting
-873542.605733,0.773942232131958,1.1660203831285627,sitting
-873542.595803,0.820277988910675,1.173357490780055,sitting
-873542.586039,0.8646996021270752,1.1627328790415672,sitting
-873542.576455,0.895442008972168,1.178869840289428,sitting
-873542.56806,0.7761070728302002,1.172351064718684,sitting
-873542.558315,0.949578583240509,1.1709702213706845,sitting
-873542.551952,0.8685218691825867,1.159349259762985,sitting
-873542.544654,0.8469889760017395,1.1597465406980985,sitting
-873542.536462,0.8285625576972961,1.167901998198067,sitting
-873542.53141,0.8441635370254517,1.2107983185619036,sitting
-873542.52417,0.8925846219062805,1.1758449478643365,sitting
-873542.517447,0.9409660696983337,1.1730109713454446,sitting
-873542.509222,0.8985809683799744,1.1584698276911047,sitting
-873542.501417,0.8205312490463257,1.1567960231163115,sitting
-873542.493184,0.9357803463935852,1.1413307688069132,sitting
-873542.484593,0.8249291777610779,1.1593446256811197,sitting
-873542.476664,0.8864975571632385,1.1550718865275376,sitting
-873542.468326,0.7972305417060852,1.1597463287711784,sitting
-873542.460064,0.8745238184928894,1.1832563913166623,sitting
-873542.453326,0.9465290904045105,1.213398916120628,sitting
-873542.445391,0.8380444049835205,1.1735269560917247,sitting
-873542.43547,0.7715336084365845,1.2027677495769296,sitting
-873542.429269,0.8381717205047607,1.231809740557122,sitting
-873542.421391,0.7618842124938965,1.3022460250097967,sitting
-873542.41319,0.5030726534881733,1.3371095311530627,sitting
-873542.397522,0.45275649611491825,1.3020925203640488,sitting
-873542.384145,0.3789170194237196,1.3924303497838837,sitting
-873542.367835,0.44744160146654827,1.2189665668324507,sitting
-873542.353041,0.99,1.2339336382460222,sitting
-873542.3381790001,0.9215009808540344,1.2459883619417633,sitting
-873542.327834,0.9431787133216858,1.2266605432211253,sitting
-873542.314276,0.8556796908378601,1.2118506285962165,sitting
-873542.305741,0.8346208333969116,1.219585462127596,sitting
-873542.294133,0.9394479393959045,1.2048549191232976,sitting
-873542.285163,0.8454194068908691,1.2401602589577054,sitting
-873542.274101,0.7620286345481873,1.2466493729792072,sitting
-873542.265388,0.9617112874984741,1.2197192509851051,sitting
-873542.256249,0.7456099987030029,1.240121242956337,sitting
-873542.245175,0.8308730721473694,1.1961718360645848,sitting
-873542.236235,0.8709902167320251,1.2427477508228333,sitting
-873542.222529,0.9157881736755371,1.22280060805873,sitting
-873542.2129800001,0.847233235836029,1.2075245153243745,sitting
-873542.201042,0.8557959794998169,1.2250719042973586,sitting
-873542.192591,0.8539777994155884,1.2298235502684083,sitting
-873542.184402,0.8564375042915344,1.2169569669419498,sitting
-873542.172787,0.8321934342384338,1.231382461885409,sitting
-873542.163798,0.9307649731636047,1.255432676968879,sitting
-873542.1564720001,0.856482744216919,1.2721140969225742,sitting
-873542.148205,0.8542695641517639,1.2714875207971543,sitting
-873542.13861,0.8234812021255493,1.2319675764499776,sitting
-873542.129653,0.7953395247459412,1.2203894380792257,sitting
-873542.122849,0.4138398310190074,1.4453852556145264,sitting
-873542.1064780001,0.4711123011838546,1.1135541450603057,sitting
-873542.094243,0.3725991237600625,1.4697206170967778,sitting
-873542.083542,0.36336599788156493,1.354455797975373,sitting
-873542.072558,0.4305424438126489,1.2084440436468746,sitting
-873542.06352,0.252756822401305,1.4040034942746962,sitting
-873542.056466,0.4154870873094155,1.1953958250268544,sitting
-873542.04634,0.7452017600937808,1.3928006221712135,sitting
-873542.038923,0.2295603784299135,1.3089713819537567,sitting
-873542.027582,0.3188726731170074,1.1748701148255059,sitting
-873542.0149610001,0.3174361510770158,1.22763589921035,sitting
-873541.994813,0.3142692592580525,1.360718823858536,sitting
-873541.979243,0.3864927836905638,1.1625835384317749,sitting
-873541.962359,0.27805082357839384,1.359815277492428,sitting
-873541.951276,0.21222019440329995,1.260409467651571,sitting
-873541.942948,0.20306113423530073,1.2252725306992645,sitting
-873541.935616,0.30141338990334854,1.1092116820421847,sitting
-873541.926459,0.3998719579670989,1.0654896386765205,sitting
-873541.910056,0.777032242007235,0.8884769272047293,sitting
-873541.902387,0.5172196166959535,1.1566703476369735,sitting
-873541.886178,0.7473282814025879,1.1237203430145093,sitting
-873541.878407,0.707549512386322,1.170473439744013,sitting
-873541.867862,0.7559887170791626,1.2195210611115415,sitting
-873541.862127,0.787096381187439,1.3081232133931384,sitting
-873541.853028,0.780361533164978,1.2811219223590893,sitting
-873541.842938,0.7164085257159143,0.9938256347730134,sitting
-873541.8282870001,0.2584479310455352,1.3977419553507424,sitting
-873541.8112700001,0.3091192309691981,1.3928050153127192,sitting
-873541.798684,0.35677623520340535,1.2349104066889103,sitting
-873541.78377,0.294416929746519,1.1007248214832046,sitting
-873541.770347,0.2976700655606234,1.3055820618269576,sitting
-873541.756717,0.3191841452469157,1.0865232929045119,sitting
-873541.744084,0.283855266526639,1.1880457789120493,sitting
-873541.730325,0.99,0.9788069417510079,sitting
-873541.71568,0.7829715609550476,1.0461033259336348,sitting
-873541.709305,0.775201678276062,1.1010981654706495,sitting
-873541.701471,0.28248251395488183,1.3326724843972109,sitting
-873541.693427,0.41420864012238795,1.4315646150064847,sitting
-873541.685451,0.265819196822562,1.2732776160263812,sitting
-873541.6774030001,0.7864046021009164,2.356190873119685,sitting
-873541.66919,0.4953650598548616,1.4028725167918008,sitting
-873541.65371,0.4123113484267272,1.3431258069186045,sitting
-873541.640365,0.30954260354563023,1.3517305774881763,sitting
-873541.626114,0.3788872353308582,1.3479651281353493,sitting
-873541.605532,0.439660451762535,1.3890731780616083,sitting
-873541.590123,0.772657211821752,1.3522042640024918,sitting
-873541.575875,0.3953075724432247,1.414872965010924,sitting
-873541.56462,0.8106849789619446,1.4510247664974374,sitting
-873541.5541310001,0.7893227338790894,1.497287672675835,sitting
-873541.545047,0.8207722902297974,1.5067542436307644,sitting
-873541.537339,0.7346426844596863,1.4042186719683918,sitting
-873541.5268700001,0.9775310158729553,1.2874269422162605,sitting
-873541.5207560001,0.9142858386039734,1.280621231686219,sitting
-873541.510288,0.8675801157951355,1.2864763552348117,sitting
-873541.502789,0.9955188632011414,1.270800517442697,sitting
-873541.4963850001,0.826331615447998,1.269172849487064,sitting
-873541.4896880001,0.8766180276870728,1.2897800835484468,sitting
-873541.482513,0.9597026109695435,1.2762442205147542,sitting
-873541.477291,0.9250450134277344,1.277431794756465,sitting
-873541.469343,0.959493100643158,1.297102310821653,sitting
-873541.460496,0.9569435119628906,1.3122842244026929,sitting
-873541.453303,0.9907907247543335,1.3250660444393736,sitting
-873541.44535,0.8719034790992737,1.2776598124214535,sitting
-873541.4370190001,0.9233549237251282,1.2905697374980263,sitting
-873541.425225,0.8471871614456177,1.291632886469897,sitting
-873541.418987,1.0,1.2886216623362592,sitting
-873541.412289,0.9201127886772156,1.2781284226320966,sitting
-873541.404918,1.0,1.3024692364340886,sitting
-873541.3965500001,0.9367146492004395,1.271260009185632,sitting
-873541.38844,0.89985591173172,1.3139854297878717,sitting
-873541.381225,0.9464214444160461,1.2940239931174071,sitting
-873541.373381,0.9104492664337158,1.2983786156270116,sitting
-873541.365175,0.866350531578064,1.302160972247015,sitting
-873541.3572730001,0.8585957884788513,1.3042039277144775,sitting
-873541.349484,0.986102819442749,1.3016605444419937,sitting
-873541.341178,0.8621379733085632,1.3036272265743563,sitting
-873541.329233,0.9440738558769226,1.3055746861612212,sitting
-873541.317822,0.9039936065673828,1.3163372754980616,sitting
-873541.309989,0.9280861616134644,1.318525281315614,sitting
-873541.302223,0.9203192591667175,1.304710583618697,sitting
-873541.28976,0.8519840836524963,1.3238849079769426,sitting
-873541.2811,0.9833331108093262,1.2875327938409562,sitting
-873541.2734150001,0.8747015595436096,1.308729544421801,sitting
-873541.264817,0.8963232040405273,1.261059150149042,sitting
-873541.257422,0.9755793213844299,1.2610992695204226,sitting
-873541.249129,0.8689591884613037,1.2668816013991466,sitting
-873541.238458,0.8570550680160522,1.2519317947358002,sitting
-873541.22906,0.988538384437561,1.2461224379956666,sitting
-873541.220764,0.8303506970405579,1.2675175629462814,sitting
-873541.210953,0.9158216714859009,1.2355915853450012,sitting
-873541.203082,0.8915417790412903,1.282487791253152,sitting
-873541.192839,0.8153387308120728,1.2528330815031374,sitting
-873541.183978,0.9113860130310059,1.2660934160020734,sitting
-873541.175134,0.9624517560005188,1.216376012734678,sitting
-873541.167291,0.902157723903656,1.245513982408399,sitting
-873541.156122,0.8534153699874878,1.2279168599740737,sitting
-873541.14761,0.9588028192520142,1.2054218157007837,sitting
-873541.1401,0.8677457571029663,1.2071261246033869,sitting
-873541.132812,0.9081555008888245,1.215279766699887,sitting
-873541.124755,0.8742725253105164,1.1748404640571732,sitting
-873541.116541,0.8984838128089905,1.185057595573626,sitting
-873541.109775,0.8740488886833191,1.1438627487278286,sitting
-873541.102568,0.7662598490715027,1.1765215858827562,sitting
-873541.092447,1.0,1.1696549185348006,sitting
-873541.084239,0.9576175808906555,1.1725313033718066,sitting
-873541.074099,0.7936636805534363,1.1904275759050558,sitting
-873541.065329,0.8960577845573425,1.1702566684332547,sitting
-873541.058143,0.9071134924888611,1.1670254130921824,sitting
-873541.050826,0.9465911388397217,1.1933907010214715,sitting
-873541.039892,0.8623520135879517,1.1626587606311176,sitting
-873541.031587,0.8999713659286499,1.168225165041196,sitting
-873541.024263,0.9524204134941101,1.1766486399468699,sitting
-873541.014643,0.8452858328819275,1.1641534773537243,sitting
-873541.007335,0.926326334476471,1.1588884083713236,sitting
-873540.999297,0.8908051252365112,1.1543416080646516,sitting
-873540.990106,0.917900800704956,1.1440266863649473,sitting
-873540.982633,0.8510375022888184,1.1530361997958622,sitting
-873540.977265,0.882541298866272,1.1475300456926836,sitting
-873540.969367,0.8726357817649841,1.1148939460063403,sitting
-873540.96018,0.8336197137832642,1.1408838093714984,sitting
-873540.951392,0.8443378210067749,1.1189987225272504,sitting
-873540.942635,0.9486386775970459,1.1050090957320742,sitting
-873540.9319130001,0.8512886762619019,1.125524377334047,sitting
-873540.924764,0.8024609088897705,1.1716284278468936,sitting
-873540.919386,0.8921562433242798,1.092917804744073,sitting
-873540.912275,0.8099998831748962,1.09757786966833,sitting
-873540.905396,0.8748371601104736,1.1129517928699761,sitting
-873540.895796,0.9101006388664246,1.1282382699077655,sitting
-873540.885213,0.9291452765464783,1.1126196759239804,sitting
-873540.876298,0.8035765886306763,1.1003301877959886,sitting
-873540.866051,0.9017565250396729,1.1025916250533059,sitting
-873540.85537,0.9650776982307434,1.1104084450375256,sitting
-873540.8480860001,0.8999412059783936,1.0922336318457853,sitting
-873540.840979,0.8797256946563721,1.1020117755968895,sitting
-873540.833834,0.9471835494041443,1.0869514132869962,sitting
-873540.829017,0.9694352746009827,1.0897494392279543,sitting
-873540.821045,0.8575790524482727,1.1079222584328279,sitting
-873540.813252,0.8451076149940491,1.1280532600016038,sitting
-873540.803417,0.8310830593109131,1.1429187347429086,sitting
-873540.79591,0.8458586931228638,1.1402912602085689,sitting
-873540.789359,0.8852618336677551,1.143975514051096,sitting
-873540.779414,0.8723978996276855,1.141149975896238,sitting
-873540.772935,0.8545917272567749,1.151632828897195,sitting
-873540.761301,0.8952623009681702,1.1619663144720653,sitting
-873540.754808,1.0,1.1422485729967886,sitting
-873540.745576,0.8329868316650391,1.1491189861547468,sitting
-873540.732873,0.9214439392089844,1.1557156720910275,sitting
-873540.723449,0.8197845816612244,1.1527379993537035,sitting
-873540.714321,0.8771347999572754,1.1516435693748877,sitting
-873540.703369,0.9672747254371643,1.1436377105038606,sitting
-873540.69143,0.8902277946472168,1.162474709333674,sitting
-873540.681976,0.8540812134742737,1.1708827680779867,sitting
-873540.668895,0.8853033781051636,1.1576346370539432,sitting
-873540.656725,0.890961766242981,1.161134224233098,sitting
-873540.647579,1.0,1.1606367742369224,sitting
-873540.639291,0.8766494393348694,1.1598637840762382,sitting
-873540.629955,0.9568448662757874,1.1596048780723205,sitting
-873540.619114,0.906488299369812,1.1587819756811597,sitting
-873540.608673,0.9251101016998291,1.1608624262617764,sitting
-873540.599837,0.9538753032684326,1.1541440430498842,sitting
-873540.586899,0.8969206213951111,1.1793119585125984,sitting
-873540.574872,0.9440011978149414,1.1550040154460484,sitting
-873540.5661020001,0.8479702472686768,1.1736903449000229,sitting
-873540.560335,0.8493265509605408,1.177827142914484,sitting
-873540.552272,0.9157307744026184,1.1624511006282638,sitting
-873540.54639,0.9114874005317688,1.1827486022049056,sitting
-873540.539839,0.9158719778060913,1.182933182445264,sitting
-873540.533427,0.9092170000076294,1.1751221110463521,sitting
-873540.525223,0.8597790598869324,1.2023715018162804,sitting
-873540.517334,0.9079079031944275,1.191307034973057,sitting
-873540.505707,0.8884902000427246,1.2122165492614863,sitting
-873540.4959720001,0.8880892395973206,1.197719500907516,sitting
-873540.484579,0.9472303986549377,1.2328092178256131,sitting
-873540.475277,0.8512701988220215,1.2113390796146541,sitting
-873540.4664810001,0.8804643154144287,1.2171856977520412,sitting
-873540.4565580001,0.9310147762298584,1.2076331963664715,sitting
-873540.448974,0.8950031995773315,1.2247241927168626,sitting
-873540.437618,0.7499551773071289,1.200610762385684,sitting
-873540.4302320001,0.9305635094642639,1.236038577165067,sitting
-873540.423667,0.8756155967712402,1.2262080839555431,sitting
-873540.414767,0.8583276271820068,1.2217082834681148,sitting
-873540.402658,0.782095193862915,1.1918477727855161,sitting
-873540.3901440001,0.8769466280937195,1.2161126807403546,sitting
-873540.380796,0.8660566806793213,1.1887126648805544,sitting
-873540.373791,0.9179819822311401,1.2323650915534428,sitting
-873540.362009,0.8607544898986816,1.1939177165751267,sitting
-873540.352841,0.8778534531593323,1.1934159416735208,sitting
-873540.341138,0.905017077922821,1.2056225069748,sitting
-873540.3331790001,0.937618613243103,1.2271607345711475,sitting
-873540.323613,0.8971017003059387,1.2201886072753458,sitting
-873540.311413,0.8651429414749146,1.2222815623641248,sitting
-873540.3011650001,0.9096279144287109,1.2301730603006242,sitting
-873540.289949,0.8352936506271362,1.239843474063079,sitting
-873540.281231,0.9955980777740479,1.2205282604830678,sitting
-873540.271654,0.8211115002632141,1.232762168953181,sitting
-873540.26098,0.8168150782585144,1.2300993233180835,sitting
-873540.253409,0.9845837950706482,1.1976701079307674,sitting
-873540.243143,0.9635142683982849,1.1812868657120101,sitting
-873540.2343380001,0.9879639744758606,1.2122992001756172,sitting
-873540.228124,0.8945862650871277,1.1970064673746403,sitting
-873540.222844,0.9458388686180115,1.2173431890796218,sitting
-873540.217393,0.9742165803909302,1.1915394018093508,sitting
-873540.209445,0.8965728282928467,1.2090740317406485,sitting
-873540.201465,0.9291249513626099,1.2278635505011355,sitting
-873540.193398,1.0,1.1834577669400028,sitting
-873540.185435,0.913641631603241,1.2291581526748478,sitting
-873540.177415,0.35951613703046387,1.326195890436174,sitting
-873540.169265,0.274404814785538,1.0597350930168683,sitting
-873540.155925,0.2915191234650716,1.4893226852329056,sitting
-873540.142757,0.2690261570326723,1.2675115373810386,sitting
-873540.131168,0.3083062942244471,1.4759652809618018,sitting
-873540.121472,0.374013882047503,1.2560826953033821,sitting
-873540.1086960001,0.3727045266575932,1.3142140560983702,sitting
-873540.096726,0.42073880396295377,1.5090483230349268,sitting
-873540.0835000001,0.34694628584843656,1.5285500848689857,sitting
-873540.073709,0.8014360560906639,0.9107387958750421,sitting
-873540.061486,0.23147013492263072,1.2440285971567278,sitting
-873540.050052,0.2925559793646929,1.1945256635003698,sitting
-873540.038472,0.28408701878575066,1.099188954390668,sitting
-873540.027151,0.38043792054106607,1.2108489311023432,sitting
-873540.015233,0.2968914195306771,1.3617341343995122,sitting
-873540.000431,0.4072169126302479,1.3209575431432188,sitting
-873539.986702,0.9311888975294217,1.1039146539508238,sitting
-873539.97549,0.7944120764732361,1.1370524262748036,sitting
-873539.967285,0.3851934638019234,1.3328687033314828,sitting
-873539.959041,0.7613031268119812,1.3724395383264487,sitting
-873539.952832,0.43007999798785185,1.366373850515878,sitting
-873539.943368,0.4099059583714571,1.4401587340294637,sitting
-873539.9319740001,0.37685242199382246,1.4879312110862424,sitting
-873539.918532,0.38142094098933155,1.5431067332339476,sitting
-873539.90493,0.38301656424410296,1.550747235924704,sitting
-873539.891197,0.4652408660372204,1.3056526678040674,sitting
-873539.878432,0.3485885831681405,1.4814532892748113,sitting
-873539.868436,0.4048288757681936,1.3869676244501692,sitting
-873539.8595210001,0.3573323417559491,1.5394588597821453,sitting
-873539.844168,0.4078256973075803,1.2375869157839872,sitting
-873539.833796,0.37654904516601734,1.2284169387994228,sitting
-873539.82006,0.4238507203089284,1.2234854284919443,sitting
-873539.8082580001,0.4904924139222198,1.1151589061936469,sitting
-873539.794383,0.451552681768104,1.242227896592393,sitting
-873539.785093,0.5444731121552996,1.1892787425047588,sitting
-873539.77023,0.4768119653866616,1.1845440769787774,sitting
-873539.757216,0.47411360557613863,1.1614343569739383,sitting
-873539.740645,0.4808007910860329,1.157753052784841,sitting
-873539.727248,0.3879421502156097,1.2450916363872042,sitting
-873539.715973,0.4807552989349972,1.23403001608213,sitting
-873539.706296,0.35802011422605134,1.2331695829649911,sitting
-873539.695144,0.4338598645652885,1.2733843717801427,sitting
-873539.688,0.3607380149286509,1.3027319396933792,sitting
-873539.681491,0.42804444586200674,1.1519130853166266,sitting
-873539.673587,0.4352861846061238,1.3088415876955497,sitting
-873539.668341,0.3885750219944424,1.2128739777567445,sitting
-873539.661489,0.34353165387165807,1.2455536430345409,sitting
-873539.653518,0.3998353186634594,1.2134442973137558,sitting
-873539.639983,0.49748294245002406,1.2265315837321924,sitting
-873539.622053,0.4866861993308995,1.2028635109258374,sitting
-873539.609897,0.99,1.2110342372695202,sitting
-873539.598094,0.8377127051353455,1.2108847253512334,sitting
-873539.587321,0.895208477973938,1.2155217107236957,sitting
-873539.576729,0.9261398911476135,1.2159734906008328,sitting
-873539.567405,0.9005117416381836,1.2161440881889605,sitting
-873539.559029,0.7954127788543701,1.22107455043718,sitting
-873539.549338,0.8642599582672119,1.2054915497255259,sitting
-873539.542074,0.9828149080276489,1.2037907029115957,sitting
-873539.534797,0.9603369235992432,1.1901388510197952,sitting
-873539.523078,0.8249771595001221,1.20130754108619,sitting
-873539.513598,0.8591386675834656,1.200933459634058,sitting
-873539.501908,0.8890917301177979,1.1841429725570212,sitting
-873539.492173,0.9175159931182861,1.1948696728696886,sitting
-873539.483615,0.8211345672607422,1.1804363774222986,sitting
-873539.4747210001,0.8904709219932556,1.180304864925744,sitting
-873539.465019,0.8115886449813843,1.1913208044261863,sitting
-873539.4557480001,0.9272290468215942,1.1755487214790596,sitting
-873539.443695,0.8936110138893127,1.2090492399337056,sitting
-873539.433983,0.9946280121803284,1.1632447883150703,sitting
-873539.422247,0.7962609529495239,1.20618806086968,sitting
-873539.413477,0.9041926860809326,1.1516069165710667,sitting
-873539.405529,0.8601139187812805,1.1627306863367917,sitting
-873539.3974530001,0.8222537040710449,1.1475042504446074,sitting
-873539.3843650001,0.9693290591239929,1.1393359111295838,sitting
-873539.375451,0.9714956879615784,1.1819210733293106,sitting
-873539.368271,0.877877414226532,1.1384269070162487,sitting
-873539.3611570001,0.8860843777656555,1.1808265545433052,sitting
-873539.353348,0.8788829445838928,1.1916918111256516,sitting
-873539.3435440001,0.9409655332565308,1.1192615048996775,sitting
-873539.334831,0.850896954536438,1.175794958846403,sitting
-873539.324911,0.841789722442627,1.1818619126579137,sitting
-873539.317009,0.855040967464447,1.1824447311933337,sitting
-873539.305961,0.8250627517700195,1.195737601975766,sitting
-873539.299311,0.9065845012664795,1.1667541854422114,sitting
-873539.288424,0.8288732767105103,1.192000200396142,sitting
-873539.2797900001,0.948036253452301,1.1989770616710471,sitting
-873539.265102,0.8989686965942383,1.169661862547307,sitting
-873539.258717,0.9677230715751648,1.1938533700942444,sitting
-873539.250066,1.0,1.1672714659000207,sitting
-873539.243483,1.0,1.1463532062359851,sitting
-873539.2375480001,0.9018203020095825,1.1100479719425294,sitting
-873539.229344,0.8462957739830017,1.1192071004071122,sitting
-873539.222377,0.8379350900650024,1.1290747700418282,sitting
-873539.216103,0.8914366364479065,1.1235313077945723,sitting
-873539.208113,0.8226445317268372,1.1264525484384547,sitting
-873539.1962690001,0.7598235607147217,1.1523942368471483,sitting
-873539.187346,0.9489657878875732,1.1275063624133086,sitting
-873539.177833,0.784850001335144,1.112063499961161,sitting
-873539.165189,0.85502028465271,1.1399610102110032,sitting
-873539.156286,0.8881114721298218,1.1244237997160078,sitting
-873539.146619,0.8539214730262756,1.1537743377039837,sitting
-873539.138907,0.8917315602302551,1.1285469465108697,sitting
-873539.128483,0.8081367611885071,1.130857752061373,sitting
-873539.118734,0.8637486100196838,1.1417312748872779,sitting
-873539.107021,0.840273916721344,1.1270218316815224,sitting
-873539.098861,0.8718913793563843,1.126231371472834,sitting
-873539.088781,0.8411427140235901,1.1248492905931062,sitting
-873539.080942,0.8743008971214294,1.1185309715999154,sitting
-873539.073341,0.8651890158653259,1.1152400797251398,sitting
-873539.064875,0.8169716000556946,1.1649261564893898,sitting
-873539.057351,0.9193520545959473,1.1187618634065268,sitting
-873539.048217,0.9982353448867798,1.150509756891171,sitting
-873539.039641,0.8283481001853943,1.1722203518751124,sitting
-873539.0333080001,0.9571980237960815,1.174320482993251,sitting
-873539.0254190001,0.8618283867835999,1.176411705520568,sitting
-873539.01637,0.8834921717643738,1.1810736672680044,sitting
-873539.0093500001,0.8871978521347046,1.2105042549204965,sitting
-873539.001034,0.8995910286903381,1.1854893069195014,sitting
-873538.9892600001,0.962138295173645,1.1809275035703481,sitting
-873538.981116,0.9285372495651245,1.2041858996209034,sitting
-873538.97053,0.9520998597145081,1.2079336588860783,sitting
-873538.9629490001,0.8338696360588074,1.191102657851459,sitting
-873538.951151,0.920773983001709,1.2035814087422718,sitting
-873538.943297,0.9209914207458496,1.1551604636924893,sitting
-873538.93597,0.8849100470542908,1.1914539720542092,sitting
-873538.9273260001,0.969997227191925,1.1754215859505721,sitting
-873538.916924,0.846108078956604,1.1636737985557422,sitting
-873538.909352,0.783814549446106,1.2258040435618374,sitting
-873538.900548,1.0,1.172852745638187,sitting
-873538.8905720001,0.35576408365062634,1.3442196214719515,sitting
-873538.881703,0.33447591533991144,1.2529060063383652,sitting
-873538.869746,0.3647536684377174,1.3208756029702857,sitting
-873538.8621660001,0.339012763680671,1.4502673325743918,sitting
-873538.856168,0.4330031749941377,1.2978055568078117,sitting
-873538.8458830001,0.8014155126977778,1.5248425280234548,sitting
-873538.836032,0.4505394999660301,1.371504477838029,sitting
-873538.822325,0.4712478542111914,1.378330093051222,sitting
-873538.810783,0.4500123270557426,1.0761748862207714,sitting
-873538.802045,0.41619397975022004,1.293669518407647,sitting
-873538.794231,0.27292991557745616,1.2297778738557632,sitting
-873538.787092,0.3093985160604345,1.2167604462121862,sitting
-873538.777243,0.4139661231884186,1.1772820348380137,sitting
-873538.768117,0.43091259216612976,1.31959358404914,sitting
-873538.7584930001,0.7539888343706553,0.7956568513506213,sitting
-873538.752866,0.48960137414700844,1.2588360911426446,sitting
-873538.741321,0.4311263620294006,1.3985516543206309,sitting
-873538.729841,0.44845213872322115,1.4501850440142965,sitting
-873538.7165,0.713973343372345,1.2721156687771362,sitting
-873538.706088,0.8055707812309265,1.3570879947380963,sitting
-873538.6985630001,0.3342640715061385,1.547202224817109,sitting
-873538.684655,0.303765918604226,1.3719180338776757,sitting
-873538.67253,0.4249461353243574,1.263028811513419,sitting
-873538.659553,0.36926897308192413,1.4386439234359427,sitting
-873538.649077,0.37190054535424877,1.4678284265273995,sitting
-873538.635291,0.35940895723279537,1.439796044185572,sitting
-873538.623883,0.36833018730437955,1.4042051172390648,sitting
-873538.604805,0.3126261621967577,1.3326955825768967,sitting
-873538.58958,0.390094391999195,1.3216140666819296,sitting
-873538.576752,0.23232028036130462,1.3390719206274104,sitting
-873538.561497,0.3102797616954371,1.436671476848836,sitting
-873538.550848,0.3686104721578752,1.3134911462329466,sitting
-873538.5404930001,0.3086160632113367,1.2914432240684617,sitting
-873538.5292560001,0.39049286822254,1.2662704185541318,sitting
-873538.518849,0.37887398816397816,1.2679399255645278,sitting
-873538.509803,0.2819566055799613,1.3556959662505328,sitting
-873538.498935,0.32526073807713535,1.321884708769673,sitting
-873538.49026,0.99,1.2971351215712934,sitting
-873538.4821050001,0.9287828207015991,1.289143177663708,sitting
-873538.473769,1.0,1.2709324320435034,sitting
-873538.466737,0.9462692141532898,1.2833195220241005,sitting
-873538.45984,0.9858739376068115,1.2756071296716236,sitting
-873538.451398,0.8334131240844727,1.2586464386378653,sitting
-873538.445068,0.8982393145561218,1.2669803424989006,sitting
-873538.437138,0.9702749848365784,1.260645690093491,sitting
-873538.43143,0.9443372488021851,1.2473952275836964,sitting
-873538.4254610001,0.990551233291626,1.2607715635822019,sitting
-873538.417262,0.8997694849967957,1.2346074265095517,sitting
-873538.4094240001,0.8988345861434937,1.2518492533017098,sitting
-873538.401295,0.9538105726242065,1.2463283460457544,sitting
-873538.39252,0.8889496922492981,1.2468020439779295,sitting
-873538.384002,0.9279475212097168,1.2340764398111386,sitting
-873538.373873,0.824805736541748,1.24188658254439,sitting
-873538.361851,0.9459894299507141,1.2333774404161866,sitting
-873538.357727,0.8980304002761841,1.220853714519171,sitting
-873538.3515,0.967357337474823,1.2238346518465617,sitting
-873538.344307,0.8988392353057861,1.2340952517116888,sitting
-873538.335222,0.9193927049636841,1.2242986398344544,sitting
-873538.325692,0.9895772933959961,1.2253685329538095,sitting
-873538.316953,0.8870275020599365,1.222236992228373,sitting
-873538.30748,0.7991475462913513,1.2628202517033715,sitting
-873538.299925,1.0,1.2717840147371433,sitting
-873538.292918,0.9456202983856201,1.3005290932446765,sitting
-873538.287826,0.9154241681098938,1.3377405962831417,sitting
-873538.281256,0.8963525295257568,1.255995912455985,sitting
-873538.270686,0.9511076211929321,1.266863641682022,sitting
-873538.262518,0.9224187731742859,1.2774812316353463,sitting
-873538.2520420001,1.0,1.2507242316300102,sitting
-873538.24281,0.9179596900939941,1.1893969423885373,sitting
-873538.234417,0.8394120335578918,1.2240790463202957,sitting
-873538.224032,0.9367589354515076,1.1919314506869587,sitting
-873538.215806,0.9028314352035522,1.2054736922061564,sitting
-873538.209501,0.7362387776374817,1.1874287709608091,sitting
-873538.201434,0.9441878199577332,1.158478134892078,sitting
-873538.193335,0.9675755500793457,1.1754447700501278,sitting
-873538.185415,0.955742359161377,1.1682983401991103,sitting
-873538.177457,0.9235009551048279,1.191254383927126,sitting
-873538.1694680001,0.8669065237045288,1.1728856998310135,sitting
-873538.161257,0.9270086288452148,1.1748146082538797,sitting
-873538.151615,0.9896302819252014,1.1643213102507932,sitting
-873538.142247,0.8877718448638916,1.1644408053115352,sitting
-873538.130407,0.9381542205810547,1.1885993276109832,sitting
-873538.121855,0.7460629940032959,1.1654289274712286,sitting
-873538.112297,0.8546529412269592,1.1720439125544662,sitting
-873538.10363,0.9288625121116638,1.1819647210803024,sitting
-873538.090248,0.7961064577102661,1.1468072247897907,sitting
-873538.0809780001,0.9301449060440063,1.1877289662088724,sitting
-873538.0732100001,0.8961001038551331,1.17907378470463,sitting
-873538.06031,0.9091362953186035,1.1831337759244511,sitting
-873538.052837,0.9639829993247986,1.183982879641305,sitting
-873538.0454320001,0.9849616289138794,1.1815503977398834,sitting
-873538.03702,1.0,1.1556479604376086,sitting
-873538.028821,0.8382585048675537,1.1550752189751265,sitting
-873538.020963,0.9769119620323181,1.1786162689635438,sitting
-873538.0103280001,0.931198239326477,1.1825244156938979,sitting
-873538.003106,0.9040541052818298,1.1854967547210267,sitting
-873537.9912030001,0.8341882824897766,1.1966856184946484,sitting
-873537.9825950001,0.8853985071182251,1.1824635939465682,sitting
-873537.9736050001,0.895715057849884,1.1841837909273352,sitting
-873537.966473,0.9097802042961121,1.1586322714705455,sitting
-873537.958269,0.8224965333938599,1.1881718576365419,sitting
-873537.950246,0.9247055649757385,1.182775012715326,sitting
-873537.945128,0.9600895643234253,1.1660230157141003,sitting
-873537.936447,0.9086729884147644,1.1848924143996182,sitting
-873537.928452,0.7903707027435303,1.1750679700676758,sitting
-873537.920631,0.7540909051895142,1.2098964580111962,sitting
-873537.910471,0.8431766033172607,1.1585102243250982,sitting
-873537.903154,0.8255585432052612,1.1471038423297553,sitting
-873537.893998,0.8744572997093201,1.1619426841717644,sitting
-873537.886545,0.943005383014679,1.202884166590168,sitting
-873537.880165,0.8469676375389099,1.1611209496965573,sitting
-873537.872148,0.8131481409072876,1.1831694926405905,sitting
-873537.867254,0.8522747159004211,1.14906201628132,sitting
-873537.861487,0.7931711077690125,1.14063334861534,sitting
-873537.853335,1.0,1.1453650786875547,sitting
-873537.845468,0.9480798244476318,1.1588203021471672,sitting
-873537.837356,0.8408718705177307,1.1535765006804346,sitting
-873537.829333,0.9734790921211243,1.164470488713551,sitting
-873537.821424,0.8226584792137146,1.1651969344173234,sitting
-873537.812388,0.8916955590248108,1.1651795925862674,sitting
-873537.804715,0.889271080493927,1.156228089084557,sitting
-873537.795136,0.8417172431945801,1.171258379972223,sitting
-873537.789156,0.8640112280845642,1.169135202768131,sitting
-873537.777183,0.9121022820472717,1.1369764460689389,sitting
-873537.7686910001,0.8916792869567871,1.1396610895805952,sitting
-873537.756692,0.837285041809082,1.1457294038448373,sitting
-873537.747452,0.8470214009284973,1.1543292714636442,sitting
-873537.738684,0.8464676141738892,1.1448561706793958,sitting
-873537.727263,0.9832430481910706,1.1716526759753396,sitting
-873537.717687,0.2830218987492559,1.1036960181249116,sitting
-873537.706918,0.4202536848835821,1.3005830254762656,sitting
-873537.695522,0.44754704928414807,1.2758915350981015,sitting
-873537.685743,0.4571078785323169,1.126070657851351,sitting
-873537.674779,0.424782523825429,1.215996374630365,sitting
-873537.668151,0.33095900485138985,1.1116490755886783,sitting
-873537.660915,0.3151409860157709,1.3206265328183684,sitting
-873537.651933,0.3143390378807255,1.359116168055432,sitting
-873537.640196,0.3665293625957139,1.1355920869664944,sitting
-873537.631937,0.43457239299792866,1.1958963313563835,sitting
-873537.6233260001,0.3952618905015332,1.2656166385613843,sitting
-873537.612351,0.3278345144042985,1.24384282114534,sitting
-873537.600915,0.42180939872870343,1.296035703528276,sitting
-873537.584235,0.49124126853538586,1.0618376281230124,sitting
-873537.569949,0.8221507014614137,0.8524710274394698,sitting
-873537.559071,0.38961032750321695,1.3859417113811467,sitting
-873537.5425270001,0.4440582719017457,1.2408998766642783,sitting
-873537.5298980001,0.39944173053049564,1.2486525220373919,sitting
-873537.516819,0.7735658013792025,0.9060408665829471,sitting
-873537.507614,0.42302381456118393,1.252591081604372,sitting
-873537.491562,0.3550066391320764,1.3682419220914208,sitting
-873537.483521,0.3219540448659901,1.4399083311747982,sitting
-873537.474695,0.30446647578482317,1.3443496229638559,sitting
-873537.4638050001,0.43102210141542074,1.423398541664759,sitting
-873537.452261,0.4518738293359164,1.3623844870582955,sitting
-873537.439757,0.32315608731347645,1.2756782561415654,sitting
-873537.427913,0.40256180777846867,1.4154039961703977,sitting
-873537.414198,0.40226935928262814,1.2145072992513297,sitting
-873537.3997150001,0.3974506999713197,1.4984011771574126,sitting
-873537.388901,0.539591738214362,1.3792887543754295,sitting
-873537.368596,0.270148916320422,1.5115031539781247,sitting
-873537.355581,0.2742842251561332,1.2785373398188145,sitting
-873537.342127,0.2260419792569333,1.3827997474129101,sitting
-873537.33138,0.23971642351127131,1.347774052384965,sitting
-873537.3225690001,0.23946678882563524,1.3540874953537654,sitting
-873537.30865,0.25763763533708395,1.264644556667239,sitting
-873537.296864,0.35674213692065804,1.157231427834906,sitting
-873537.287174,0.9086265159294983,1.1214601474243975,sitting
-873537.279794,0.7362706065177917,1.2221642008622489,sitting
-873537.273352,0.8210399150848389,1.2885726526475927,sitting
-873537.265386,0.3647752109611425,1.264488235236155,sitting
-873537.254552,0.39642018843410687,1.1835081745468732,sitting
-873537.242538,0.38543098856914537,1.253829304963244,sitting
-873537.232897,0.37887687873648884,1.2158472365017552,sitting
-873537.218297,0.44255476364496704,1.1352640296956436,sitting
-873537.207218,0.41383122511177906,1.2809540880941865,sitting
-873537.1925850001,0.41919586137432446,1.3077699219070067,sitting
-873537.179545,0.3807349491305078,1.1690083067838835,sitting
-873537.169906,0.4156509151216563,1.155851164918869,sitting
-873537.156756,0.4303369762541485,1.2594290408597297,sitting
-873537.140235,0.4346350405164447,1.3313699846749931,sitting
-873537.1227460001,0.45498686034731906,1.363526125170619,sitting
-873537.107644,0.4107607011852171,1.250129283799457,sitting
-873537.0924430001,0.4135409186360622,1.3247868789473296,sitting
-873537.0794180001,0.4018747766967007,1.2671766877311392,sitting
-873537.065343,0.40111092975401125,1.304357012405354,sitting
-873537.053186,0.346361170258315,1.4068624529227525,sitting
-873537.040854,0.388651022559881,1.2922356132354471,sitting
-873537.023386,0.39073105472064035,1.3880406220559944,sitting
-873537.009049,0.36485719236471875,1.4416006314882375,sitting
-873536.9919210001,0.3827418790537911,1.4846689835576057,sitting
-873536.977465,0.3389333480810239,1.3251885279703313,sitting
-873536.960449,0.37947977737588606,1.2901730424095206,sitting
-873536.948678,0.99,1.1995582677836345,sitting
-873536.939638,0.8992358446121216,1.1745027590929684,sitting
-873536.933422,0.8901172280311584,1.1737345509605852,sitting
-873536.925013,1.0,1.164074884408429,sitting
-873536.917371,0.9811913967132568,1.170838184755075,sitting
-873536.909215,0.9130715131759644,1.14850136961641,sitting
-873536.897252,0.9023550748825073,1.138899732544159,sitting
-873536.887436,0.9538053274154663,1.1764312331811775,sitting
-873536.877511,0.8942751288414001,1.196241167549783,sitting
-873536.87067,0.9285871386528015,1.1442219339411315,sitting
-873536.861415,0.8478125333786011,1.1196689038164953,sitting
-873536.850935,0.8057383894920349,1.1143500185802746,sitting
-873536.842424,0.8431403636932373,1.1371796719610905,sitting
-873536.834068,0.7999482154846191,1.1234944175596784,sitting
-873536.823873,0.8132917881011963,1.1442377241006465,sitting
-873536.814576,0.8252451419830322,1.1240450767331507,sitting
-873536.805289,0.7970095276832581,1.1073801821040359,sitting
-873536.794538,0.7311410307884216,1.0979183754611226,sitting
-873536.785783,0.8400770425796509,1.0921860950040063,sitting
-873536.773973,0.8347345590591431,1.083954681907473,sitting
-873536.767256,0.8744979500770569,1.0741513697842255,sitting
-873536.759822,0.8434448838233948,1.0805238316991685,sitting
-873536.751266,0.8866146802902222,1.0920354116715116,sitting
-873536.7395360001,0.9098947644233704,1.0730591087085761,sitting
-873536.730268,0.7764075398445129,1.0937671913138431,sitting
-873536.720111,0.8120439648628235,1.06892723174037,sitting
-873536.71308,0.8826985359191895,1.07372473215979,sitting
-873536.7062210001,0.9012475609779358,1.0422667407247088,sitting
-873536.6941750001,0.883229672908783,1.0705272240659678,sitting
-873536.685066,0.7498757243156433,1.057136251498143,sitting
-873536.676278,0.8996460437774658,1.0610412595032521,sitting
-873536.669458,0.7425597310066223,1.0714463779900125,sitting
-873536.6573900001,0.8058951497077942,1.0372719818042127,sitting
-873536.649296,0.9228858351707458,1.0444538102776875,sitting
-873536.641111,0.8398820161819458,1.0426935545110818,sitting
-873536.629236,0.7195069193840027,1.0324156175822012,sitting
-873536.622882,0.8275778889656067,1.043280888040715,sitting
-873536.615742,0.7303786873817444,1.0615626533030698,sitting
-873536.607776,0.8975703120231628,1.057854391985141,sitting
-873536.6004250001,0.834471583366394,1.0450530579427073,sitting
-873536.592363,0.7901666760444641,1.0135377654434672,sitting
-873536.585277,0.7506225109100342,1.046346942022339,sitting
-873536.574867,0.7619789838790894,1.0393922630925778,sitting
-873536.566765,0.8262200355529785,1.008088967410456,sitting
-873536.557212,0.9184406995773315,1.0149615549315163,sitting
-873536.546055,0.8161477446556091,1.0229966642162767,sitting
-873536.535551,0.7844717502593994,1.0057253233780932,sitting
-873536.526361,0.855752170085907,1.0045863435913782,sitting
-873536.514323,0.8146538734436035,1.0009014940151109,sitting
-873536.505,0.9150580763816833,1.0499630453692612,sitting
-873536.494923,0.8834934830665588,1.0132024668041693,sitting
-873536.485366,0.8252572417259216,1.003644324724632,sitting
-873536.47456,0.8000508546829224,1.0376184405728774,sitting
-873536.465458,0.8437207341194153,1.0256551729950543,sitting
-873536.453688,0.8575248718261719,1.0339065208298601,sitting
-873536.444038,0.7604296207427979,1.0261474309998864,sitting
-873536.430852,0.8734008073806763,1.000157095856947,sitting
-873536.420992,0.8151417374610901,1.0417175297735435,sitting
-873536.4142080001,0.8925864100456238,1.0651342758826687,sitting
-873536.407562,0.8946329951286316,1.0387312588267816,sitting
-873536.397846,0.9427486062049866,1.0343075251086784,sitting
-873536.388652,0.9548439383506775,1.0413568817916876,sitting
-873536.379047,0.805195689201355,1.039350672024303,sitting
-873536.371128,0.9387738704681396,1.0511437892306232,sitting
-873536.363196,0.9292731285095215,1.0497354659617981,sitting
-873536.3552,0.8120952248573303,1.0636347628138885,sitting
-873536.345934,0.947641909122467,1.0502392589860294,sitting
-873536.33573,0.4371105647723071,1.5009438210928758,sitting
-873536.31872,0.21043359235444517,1.3394601170605074,sitting
-873536.305901,0.1889869097779546,1.5805923496978167,sitting
-873536.29525,0.368855840182899,1.2808135707317998,sitting
-873536.278241,0.46041239821325897,1.183718694421148,sitting
-873536.257988,0.7933148535746969,0.9001651431736959,sitting
-873536.248545,0.1925847435604919,1.276579050601343,sitting
-873536.235458,0.7848482646565784,1.252041032663012,sitting
-873536.2256850001,0.3914730956863752,1.1641751692220752,sitting
-873536.21481,0.495155250279632,1.4936310910208461,sitting
-873536.19986,0.4145765719639904,1.482993638082517,sitting
-873536.18797,0.3541512803158878,1.6419907847976836,sitting
-873536.175145,0.39350609154489563,1.6907258256397184,sitting
-873536.15971,0.49919526123980684,1.3963357961665293,sitting
-873536.143801,0.984641411517559,1.152727102845561,sitting
-873536.131619,0.6,1.2757504384478846,sitting
-873536.11676,0.8413260579109192,1.2965852575499808,sitting
-873536.108842,0.5478967378025956,1.175958084762951,sitting
-873536.092983,0.8504281640052795,1.1501934204902913,sitting
-873536.085356,0.8989657163619995,1.1469679916159579,sitting
-873536.075208,0.9495536088943481,1.151053845444038,sitting
-873536.06753,0.8945189714431763,1.1509988170155112,sitting
-873536.060502,0.882016122341156,1.1406061738551783,sitting
-873536.053418,0.7910800576210022,1.1581498881431296,sitting
-873536.045471,0.9862822890281677,1.1341450206774089,sitting
-873536.0374040001,0.913787841796875,1.1847364891829835,sitting
-873536.029422,0.9369538426399231,1.1571568816055366,sitting
-873536.021482,0.9374669790267944,1.1601014452146088,sitting
-873536.01324,0.9778884649276733,1.172664025417478,sitting
-873536.005072,0.8206508159637451,1.1825970059349546,sitting
-873535.996825,0.8618993163108826,1.1985517601215014,sitting
-873535.985298,0.9071301817893982,1.2026036352733134,sitting
-873535.976233,0.876003086566925,1.1995695135275946,sitting
-873535.967634,0.9101728796958923,1.1828005796818086,sitting
-873535.960009,0.8895367980003357,1.2067851912348844,sitting
-873535.94816,0.8447681665420532,1.1943901341864893,sitting
-873535.940019,0.890850305557251,1.1910579790008993,sitting
-873535.933234,0.9310592412948608,1.1945751805691178,sitting
-873535.924707,0.9379446506500244,1.1926601007545075,sitting
-873535.91723,0.8383488655090332,1.2273843635150081,sitting
-873535.909137,0.930993914604187,1.213802422457861,sitting
-873535.899741,0.9535192251205444,1.2120411057380784,sitting
-873535.8882630001,0.8792575597763062,1.2092448784185859,sitting
-873535.880092,0.8655662536621094,1.2287817540092418,sitting
-873535.872438,0.7439946532249451,1.2074427690739697,sitting
-873535.861711,1.0,1.2568105064882982,sitting
-873535.8516620001,0.939171314239502,1.2854568937059176,sitting
-873535.843427,0.8401919007301331,1.241702000514045,sitting
-873535.83023,0.8720957636833191,1.2101468560127757,sitting
-873535.82204,0.8568989038467407,1.1990810016018045,sitting
-873535.812614,0.8679339289665222,1.209310998382974,sitting
-873535.800613,0.9114844799041748,1.222584899712484,sitting
-873535.791451,0.9352672696113586,1.1836093231596436,sitting
-873535.7827270001,1.0,1.207309159217814,sitting
-873535.7725900001,0.9486637115478516,1.1717670694341553,sitting
-873535.763286,0.869469404220581,1.1758519465355506,sitting
-873535.755502,0.9516180157661438,1.2000057424575004,sitting
-873535.745975,0.9814161658287048,1.2255650284350406,sitting
-873535.740201,0.830863893032074,1.2018160780322686,sitting
-873535.730712,0.9227704405784607,1.1506934468074452,sitting
-873535.721313,0.8801738023757935,1.1969083601980275,sitting
-873535.713023,0.9569413065910339,1.2038020007995769,sitting
-873535.704456,0.7828050851821899,1.2895163871479025,sitting
-873535.696519,0.4457794932419885,1.3555409239096399,sitting
-873535.682927,0.34634063552208566,1.4059291687322477,sitting
-873535.6656150001,0.4567421651392762,1.3454342086892805,sitting
-873535.653219,0.4136986885953896,1.3939282153042991,sitting
-873535.638893,0.42586088546093254,1.4209377853622365,sitting
-873535.625288,0.3797922146283105,1.4465001826239683,sitting
-873535.612199,0.414611165511657,1.3832012202947812,sitting
-873535.6022900001,0.3635642260389136,1.4562627874074607,sitting
-873535.5918620001,0.434150663839542,1.4186276203393273,sitting
-873535.583646,0.4024927241566801,1.4061106472428206,sitting
-873535.577406,0.38824933483762475,1.3687611555842865,sitting
-873535.5691750001,0.362237011339883,1.406189706752893,sitting
-873535.560711,0.99,1.1088999674637354,sitting
-873535.547591,0.9837133288383484,1.103633604853798,sitting
-873535.541154,1.0,1.1057729576068187,sitting
-873535.532198,1.0,1.1153665421199497,sitting
-873535.51861,0.9424696564674377,1.1074576556775426,sitting
-873535.511852,0.8622409701347351,1.1204840129882667,sitting
-873535.505168,0.8985636234283447,1.116654461375055,sitting
-873535.497279,0.9356107711791992,1.123743087936543,sitting
-873535.487774,0.9554541110992432,1.098929181639499,sitting
-873535.481086,1.0,1.102766215538959,sitting
-873535.47289,0.8028063178062439,1.1421701443767436,sitting
-873535.461846,1.0,1.1483133476956056,sitting
-873535.454547,1.0,1.1069742356778307,sitting
-873535.4463300001,0.8181594610214233,1.1163136505592979,sitting
-873535.436798,0.4285944271114109,1.58620842113171,sitting
-873535.427109,0.99,1.1245396931949907,sitting
-873535.416558,0.99,1.1125996134728715,sitting
-873535.408544,0.923326849937439,1.151554642289648,sitting
-873535.3949900001,0.7697844505310059,1.1810346501729838,sitting
-873535.38825,0.7836663126945496,1.1784399001849164,sitting
-873535.378706,0.8434504866600037,1.1376530357841088,sitting
-873535.3684810001,0.9228927493095398,1.1387731753133084,sitting
-873535.361212,0.883002519607544,1.1544211505481528,sitting
-873535.351168,0.7861136198043823,1.1492211432761819,sitting
-873535.342681,0.7930259704589844,1.1500283629380834,sitting
-873535.335467,0.7687436938285828,1.1441842678649996,sitting
-873535.328567,0.860758900642395,1.1494642567203481,sitting
-873535.321286,0.7735476493835449,1.145631912946584,sitting
-873535.313436,0.8606353402137756,1.1509404769020248,sitting
-873535.305464,0.9025974273681641,1.1262694450458968,sitting
-873535.2974180001,0.8190408945083618,1.1467108055911472,sitting
-873535.286188,0.95993971824646,1.134020224891347,sitting
-873535.275032,0.9352750778198242,1.1438300495377751,sitting
-873535.265937,0.9542462229728699,1.1390956380976318,sitting
-873535.2543810001,0.9852112531661987,1.1339557775738904,sitting
-873535.245735,0.9924899339675903,1.1319712969953453,sitting
-873535.235493,0.927043080329895,1.1373012681531547,sitting
-873535.228516,1.0,1.1497465779342892,sitting
-873535.220923,0.941455066204071,1.127463953942721,sitting
-873535.210511,0.9210417866706848,1.128151648572194,sitting
-873535.201557,1.0,1.1487586302093016,sitting
-873535.190573,0.9225388169288635,1.1563920240265713,sitting
-873535.178812,0.8923214077949524,1.1477205865503999,sitting
-873535.168053,0.8089467287063599,1.1346838604383764,sitting
-873535.159674,0.9955604076385498,1.148521070659505,sitting
-873535.147959,0.3356079089314834,1.225899309685981,sitting
-873535.137352,0.3683373431522959,1.2825013790758848,sitting
-873535.12035,0.443777274973484,1.2664263882345446,sitting
-873535.109034,0.4021667973273237,1.3439689977253009,sitting
-873535.098428,0.2285145485519495,1.233286274489994,sitting
-873535.08219,0.42976190543321735,1.1601905372313244,sitting
-873535.071142,0.31404185421921194,1.2233138206313385,sitting
-873535.0589160001,0.77817762974473,1.0285126002229066,sitting
-873535.048809,0.43573394203486643,1.2883955763804305,sitting
-873535.035077,0.5200751391027588,1.1853013604551093,sitting
-873535.02139,0.3831865021845399,1.3810955578417832,sitting
-873535.006218,0.2553690335728036,1.2676589802803262,sitting
-873534.995752,0.3493439407278635,1.1288640537860375,sitting
-873534.984125,0.3427765000709525,1.1923032820627957,sitting
-873534.9717860001,0.4709728795410973,1.251532300466458,sitting
-873534.950312,0.528774819489846,1.2960477254844234,sitting
-873534.935651,0.9698917081744427,1.1460570886160184,sitting
-873534.919614,0.5420171507586063,1.2374262766172106,sitting
-873534.906314,0.7814534306526184,1.2378378224031312,sitting
-873534.899538,0.875503420829773,1.2006952354842095,sitting
-873534.890807,0.9198594689369202,1.1942833547899276,sitting
-873534.88223,0.9041979908943176,1.204631380489702,sitting
-873534.876475,0.9157246947288513,1.2097646786994045,sitting
-873534.867541,0.9312280416488647,1.2072209729787304,sitting
-873534.856986,0.9020980596542358,1.2173318266073236,sitting
-873534.847249,1.0,1.2170701093881129,sitting
-873534.839382,0.9121661186218262,1.2327097263522404,sitting
-873534.8287750001,0.9730789065361023,1.2435869302555647,sitting
-873534.820521,1.0,1.2198977381865497,sitting
-873534.811773,0.9583579897880554,1.2274970770344695,sitting
-873534.802977,0.9493577480316162,1.1929120200027343,sitting
-873534.796081,0.9086021184921265,1.2172880626279254,sitting
-873534.785375,0.9116076231002808,1.2271213147157916,sitting
-873534.774341,0.914121150970459,1.2624594954078288,sitting
-873534.767541,0.888055145740509,1.2246636819461347,sitting
-873534.7608630001,0.8605019450187683,1.2497962872707884,sitting
-873534.753447,0.8342021107673645,1.2160833675472893,sitting
-873534.742983,0.8500800132751465,1.2756197210775482,sitting
-873534.733939,0.8697580099105835,1.2616083961901294,sitting
-873534.723684,0.8339963555335999,1.2841882988017783,sitting
-873534.714886,0.8750200271606445,1.2878381472999463,sitting
-873534.707237,0.894142746925354,1.2736503056484008,sitting
-873534.69808,0.8649945855140686,1.2437675857433241,sitting
-873534.68642,0.8232314586639404,1.2671490342384812,sitting
-873534.677187,0.9650895595550537,1.3058734787361517,sitting
-873534.668615,0.9828258752822876,1.3266358311795332,sitting
-873534.656264,0.8760133981704712,1.2992398647629253,sitting
-873534.648836,0.891411304473877,1.2741990726997114,sitting
-873534.641054,0.8962081670761108,1.2784996758712328,sitting
-873534.632482,0.8788321018218994,1.25713220084751,sitting
-873534.623667,0.8052012920379639,1.2842196667905532,sitting
-873534.617072,0.8705844879150391,1.2889618580133364,sitting
-873534.609474,0.8854164481163025,1.3256262040185773,sitting
-873534.6013110001,0.8667123317718506,1.2545752444418805,sitting
-873534.590878,0.8497642874717712,1.2962859412644772,sitting
-873534.579505,0.8827278017997742,1.2949429255936136,sitting
-873534.570069,0.983305037021637,1.2260011515675604,sitting
-873534.558477,0.9446544051170349,1.283727779385333,sitting
-873534.548743,0.8887739777565002,1.3434279398654252,sitting
-873534.540149,0.9894828200340271,1.3490906672731402,sitting
-873534.532227,0.9380135536193848,1.2616464621873753,sitting
-873534.528239,0.948691189289093,1.2348751235386493,sitting
-873534.521193,0.9055230617523193,1.239099736732384,sitting
-873534.50847,0.87398761510849,1.2286133515459912,sitting
-873534.498682,0.8918226361274719,1.2593217002763328,sitting
-873534.488915,0.9099640846252441,1.253092663051628,sitting
-873534.478107,0.928436279296875,1.2240891624511803,sitting
-873534.469857,0.8925885558128357,1.22795207076891,sitting
-873534.459782,1.0,1.217712132316664,sitting
-873534.451795,0.9657149910926819,1.2265304630204263,sitting
-873534.443354,0.8897800445556641,1.2178751492323037,sitting
-873534.433929,0.8740494251251221,1.2486129519444304,sitting
-873534.424634,0.9051135778427124,1.21322039329812,sitting
-873534.414565,0.992456316947937,1.2439535603297203,sitting
-873534.402285,0.9342279434204102,1.2107836072353297,sitting
-873534.393458,0.9380215406417847,1.218732153809972,sitting
-873534.386451,0.9116272926330566,1.2179601694330624,sitting
-873534.376825,0.9460838437080383,1.2142221723105964,sitting
-873534.369496,0.9633007645606995,1.221958252912437,sitting
-873534.359728,0.9648129343986511,1.2022513510852209,sitting
-873534.351356,0.7930339574813843,1.2005942681759136,sitting
-873534.341056,0.8952008485794067,1.2077927665809978,sitting
-873534.333099,0.9133312702178955,1.2060364789637017,sitting
-873534.324074,0.8642967939376831,1.2347626902518432,sitting
-873534.315873,0.9842748641967773,1.2376243008655523,sitting
-873534.307098,0.7791340351104736,1.3705715984718516,sitting
-873534.299046,0.6,1.2204492635506714,sitting
-873534.288127,0.426395535096171,1.3454171017397143,sitting
-873534.275728,0.4215941457064586,1.3270954813347533,sitting
-873534.26392,0.3303375138018884,1.4142615449399618,sitting
-873534.251607,0.3791901739351569,1.4292846569248554,sitting
-873534.238235,0.3582788412366864,1.360193406399902,sitting
-873534.223726,0.43418569800101875,1.3870168672964134,sitting
-873534.2114970001,0.38771428327852814,1.4349050524689853,sitting
-873534.200386,0.353506870651638,1.4134489472623724,sitting
-873534.191149,0.3007373994784109,1.4713169701626638,sitting
-873534.181573,0.4478974441546767,1.3587718702923723,sitting
-873534.173653,0.4403995938433468,1.432337313818321,sitting
-873534.165926,0.40113231014609757,1.3495061858675785,sitting
-873534.157783,0.41436135080367426,1.4111098608843688,sitting
-873534.150743,0.99,1.2223661428374255,sitting
-873534.143782,0.9113630056381226,1.2161569987886796,sitting
-873534.139359,0.8880596160888672,1.2133013718961303,sitting
-873534.133488,0.9200977087020874,1.246770260952121,sitting
-873534.125287,0.8156952261924744,1.2244909250411817,sitting
-873534.117076,0.8569567799568176,1.221480465976318,sitting
-873534.109295,0.8977068662643433,1.2154662235745608,sitting
-873534.101319,0.9879870414733887,1.2280864785208294,sitting
-873534.0904710001,0.8782858848571777,1.2462480257763735,sitting
-873534.081951,0.8821778893470764,1.216925540678063,sitting
-873534.07098,0.9132785201072693,1.2363374473780393,sitting
-873534.064432,0.8061012029647827,1.2173473721588857,sitting
-873534.056373,0.9339651465415955,1.2464904130362462,sitting
-873534.051466,0.9679657220840454,1.219334307449608,sitting
-873534.0453090001,0.8743893504142761,1.221760140733529,sitting
-873534.036351,0.8835786581039429,1.2323543534224957,sitting
-873534.0272830001,0.853006899356842,1.2452846645079458,sitting
-873534.017473,0.7683626413345337,1.2336017046137586,sitting
-873534.006706,0.7711308002471924,1.2561537711753696,sitting
-873533.998057,0.8591605424880981,1.2550483608388534,sitting
-873533.990001,0.8542444109916687,1.2535514667584104,sitting
-873533.981165,0.8116511106491089,1.2488432685712656,sitting
-873533.971043,0.9153502583503723,1.2166013871222825,sitting
-873533.962581,0.8848797082901001,1.214056643976388,sitting
-873533.951608,0.8213702440261841,1.2212702406453784,sitting
-873533.943412,0.8856788277626038,1.214095476433695,sitting
-873533.932707,0.30921966082766034,1.1711711995215852,sitting
-873533.924164,0.30866116830859874,1.2845851701617597,sitting
-873533.914755,0.23640212541407268,1.5567284213100594,sitting
-873533.907821,0.19262801855752062,1.090350430602482,sitting
-873533.901394,0.7168079856036816,1.466459758155148,sitting
-873533.892353,0.15642803794566562,1.4532694775199713,sitting
-873533.885336,0.22625004854145933,1.3895384179454404,sitting
-873533.875683,0.27487181880953715,1.2417225461889032,sitting
-873533.869359,0.31413069351303635,1.3271446947771453,sitting
-873533.8569520001,0.38794300809349996,1.4055514299134595,sitting
-873533.844734,0.3304294497293406,1.3933573402616486,sitting
-873533.82826,0.7393867535810803,0.9116140256023115,sitting
-873533.816354,0.5073280154144154,1.2189172453755592,sitting
-873533.8022200001,0.8134841918945312,1.1243151970422645,sitting
-873533.7931530001,0.7848793268203735,1.236355925591786,sitting
-873533.783848,0.7401524782180786,1.2672551802083811,sitting
-873533.773053,0.7999137043952942,1.1821235793210865,sitting
-873533.764371,0.9767436385154724,1.1943283578590176,sitting
-873533.75404,0.937015175819397,1.223692295428748,sitting
-873533.747648,0.9555522203445435,1.1956229946032284,sitting
-873533.741491,0.8543955683708191,1.2091991855220807,sitting
-873533.735355,0.9528977274894714,1.19694783520189,sitting
-873533.725446,0.8475930690765381,1.2130443768445978,sitting
-873533.716673,0.925536572933197,1.2386986197858931,sitting
-873533.7037450001,0.8729251027107239,1.2241670696642508,sitting
-873533.695702,0.8725093603134155,1.2448081948305432,sitting
-873533.68743,0.875307023525238,1.2018043927713649,sitting
-873533.677986,0.9688341617584229,1.2231460515415224,sitting
-873533.67005,0.8442831039428711,1.2091515378135211,sitting
-873533.662034,0.9102495312690735,1.206050892850341,sitting
-873533.652908,0.8858293890953064,1.2097315526717343,sitting
-873533.641939,0.9561249613761902,1.2117812260567957,sitting
-873533.635576,0.920970618724823,1.2041586628880978,sitting
-873533.625258,0.8788123726844788,1.231860767028548,sitting
-873533.617116,0.957629919052124,1.236296735272954,sitting
-873533.607095,0.9745567440986633,1.205106664405975,sitting
-873533.598866,0.8825996518135071,1.2334009916089022,sitting
-873533.58803,0.9003949165344238,1.199873526526149,sitting
-873533.57996,0.9322553873062134,1.2180267744238855,sitting
-873533.570985,0.8955162763595581,1.2121246748632655,sitting
-873533.560691,0.9994021654129028,1.218778824709846,sitting
-873533.552147,0.8869962692260742,1.2412994629257166,sitting
-873533.542326,0.9297913908958435,1.2330347251676539,sitting
-873533.53553,0.8937796950340271,1.2261314755500705,sitting
-873533.5294,0.8752892017364502,1.3034974328000324,sitting
-873533.521298,0.8350542783737183,1.405073394717844,sitting
-873533.5133090001,0.3765185498835565,1.3858295681620998,sitting
-873533.4965220001,0.33647436433869754,1.3830786642336035,sitting
-873533.479845,0.3255957744884464,1.2692731139547044,sitting
-873533.467498,0.45677707350016644,1.3357617875892176,sitting
-873533.454196,0.35584323828888925,1.2855861448748804,sitting
-873533.4421110001,0.40942555709944295,1.1949510411095625,sitting
-873533.427608,0.3273728666304397,1.3352940156799327,sitting
-873533.415051,0.3429579611917897,1.368822217711935,sitting
-873533.403441,0.29338558231318673,1.3814875259277426,sitting
-873533.394558,0.2729551413022253,1.3680520326957972,sitting
-873533.382299,0.3693496009415717,1.3522439387529985,sitting
-873533.367422,0.345207371209229,1.2372900849167263,sitting
-873533.355726,0.99,1.2240416058234533,sitting
-873533.345016,0.8808222413063049,1.2393102642682106,sitting
-873533.335569,0.9301981925964355,1.2389741051261085,sitting
-873533.32908,0.7581309080123901,1.221248520427435,sitting
-873533.320671,1.0,1.2422083882122883,sitting
-873533.3151080001,0.9850721955299377,1.2411538208125075,sitting
-873533.309348,0.9873838424682617,1.2278598537615548,sitting
-873533.3012260001,1.0,1.25279471530229,sitting
-873533.291779,0.9494572281837463,1.2367329699626604,sitting
-873533.283394,0.9265547394752502,1.2454818826409904,sitting
-873533.274643,0.8258641362190247,1.2246362956089007,sitting
-873533.26495,0.8748583793640137,1.249042701591478,sitting
-873533.2478,0.8205000052495794,0.8596345932361049,sitting
-873533.2392760001,0.22614240384111517,1.245042146210039,sitting
-873533.227679,0.363533762480619,1.2660487719597726,sitting
-873533.217194,0.5060320879696597,0.988097982157611,sitting
-873533.2089430001,0.3071773500347513,1.480741832681737,sitting
-873533.20228,0.3006674579368773,1.381704830482192,sitting
-873533.194153,0.3947384027448607,1.3688784341873381,sitting
-873533.182458,0.43283992989021464,1.326372159703011,sitting
-873533.172167,0.8240332502074557,1.6509629613922812,sitting
-873533.164345,0.5090665462681061,1.338093706714512,sitting
-873533.150072,0.18242534022685727,1.6207404079618382,sitting
-873533.141274,0.32328756017455273,1.288828962114966,sitting
-873533.126225,0.29929440513809996,1.5846033879958892,sitting
-873533.114224,0.3216042119382158,1.4309618317682546,sitting
-873533.102436,0.26641119152745774,1.354118993742599,sitting
-873533.093194,0.3639795944329057,1.2615214233784662,sitting
-873533.078079,0.3414966850190577,1.2586219722808831,sitting
-873533.067777,0.4577105439555965,1.2539539996037248,sitting
-873533.055803,0.4659107467811195,1.361819242821742,sitting
-873533.040942,0.7171503305435181,1.3584147973228444,sitting
-873533.033251,0.4123678970148105,1.3203437232585897,sitting
-873533.019344,0.33832573178894004,1.504010106965926,sitting
-873533.006512,0.2790472351419787,1.266483005245421,sitting
-873532.997114,0.34840732705280686,1.518018110290638,sitting
-873532.9869060001,0.99,1.2229667149149486,sitting
-873532.976313,0.8643839955329895,1.2237436470040146,sitting
-873532.970544,0.9869090914726257,1.2439351040851814,sitting
-873532.965285,0.9206358194351196,1.225510524172063,sitting
-873532.95727,0.9843694567680359,1.2296218975529896,sitting
-873532.949275,0.9702932834625244,1.2316267469020015,sitting
-873532.940095,0.8756155371665955,1.2514674168748057,sitting
-873532.932709,0.9238887429237366,1.2647597504826682,sitting
-873532.925405,0.9332221746444702,1.2385720191053364,sitting
-873532.913416,0.8562902212142944,1.2312746126189849,sitting
-873532.905391,0.9160742163658142,1.2484630358269175,sitting
-873532.897388,0.8847657442092896,1.2422303648282735,sitting
-873532.88901,0.9513073563575745,1.2517042016866053,sitting
-873532.881275,0.9263131022453308,1.246123170499097,sitting
-873532.873149,0.9608596563339233,1.2481305179548219,sitting
-873532.8653920001,0.8874632120132446,1.2447560058024965,sitting
-873532.857318,0.8630326390266418,1.2603275683519528,sitting
-873532.849209,0.9609768986701965,1.2458706348432842,sitting
-873532.838564,0.9301808476448059,1.270593365699876,sitting
-873532.829987,0.9514253735542297,1.2827659817501305,sitting
-873532.818821,0.9207576513290405,1.3090133730259645,sitting
-873532.812047,0.9394960403442383,1.2667708155927575,sitting
-873532.8061030001,0.8498639464378357,1.2685937952792519,sitting
-873532.7999260001,0.9333867430686951,1.2795850147075818,sitting
-873532.791121,0.8913675546646118,1.2798995547774834,sitting
-873532.783959,0.9389128088951111,1.2627298083872347,sitting
-873532.7774,0.9205162525177002,1.2869794605367817,sitting
-873532.768096,0.9342719912528992,1.3333911066194628,sitting
-873532.760383,0.9441616535186768,1.296383417004677,sitting
-873532.752549,0.9975094199180603,1.2701815057879067,sitting
-873532.743349,0.7141676545143127,1.2774955792647642,sitting
-873532.734746,0.9508510828018188,1.258213900293942,sitting
-873532.726752,0.9402831196784973,1.281877626084357,sitting
-873532.719121,0.8702199459075928,1.27427430561811,sitting
-873532.709665,0.9885139465332031,1.2959937243820567,sitting
-873532.703337,0.8654035925865173,1.3089825832241937,sitting
-873532.697128,0.8855485320091248,1.2656498264125955,sitting
-873532.68752,0.8598698377609253,1.2664352406257788,sitting
-873532.6809,0.9618330001831055,1.2724320459248393,sitting
-873532.672133,1.0,1.2424643761529555,sitting
-873532.66536,0.8330610394477844,1.26963023645405,sitting
-873532.656606,0.9442048072814941,1.254467167027931,sitting
-873532.645123,0.9770634174346924,1.2587802141677198,sitting
-873532.6368110001,0.9655078053474426,1.2439452256539876,sitting
-873532.628919,0.9232922792434692,1.2294843805366056,sitting
-873532.620729,0.8107324838638306,1.2300377996944514,sitting
-873532.6111720001,0.9919189810752869,1.2615105116406173,sitting
-873532.6022280001,0.9486542344093323,1.2355654416257051,sitting
-873532.5953940001,0.933444082736969,1.2510899073952388,sitting
-873532.5845090001,0.8453295230865479,1.264671973091338,sitting
-873532.577241,0.8607600331306458,1.2804512629422495,sitting
-873532.568271,0.5364464450664209,1.3629130782800876,sitting
-873532.55005,0.6,1.2136431832292387,sitting
-873532.5339190001,0.7082918882369995,1.7330350257764922,sitting
-873532.526082,0.6,1.2536172087267148,sitting
-873532.511119,0.6,1.2429764228903983,sitting
-873532.493972,0.6,1.2414463074875872,sitting
-873532.4815700001,0.6,1.2393808832346735,sitting
-873532.4638820001,0.6,1.247153095999023,sitting
-873532.445115,0.6,1.233576457837283,sitting
-873532.4292990001,0.99,1.2160563821499633,sitting
-873532.4183970001,0.8824516534805298,1.2280638596694815,sitting
-873532.405337,0.9380089640617371,1.2162328459103269,sitting
-873532.395849,0.9191883206367493,1.257021127909133,sitting
-873532.384359,0.9929071664810181,1.2318790861732651,sitting
-873532.376334,0.8104747533798218,1.2641198600989596,sitting
-873532.367109,0.8813986778259277,1.2235931828453546,sitting
-873532.3618000001,0.9213606119155884,1.2144211146943045,sitting
-873532.3562040001,0.9101481437683105,1.218385004219916,sitting
-873532.3456,0.8041558861732483,1.2132449351225647,sitting
-873532.3362370001,0.8586792349815369,1.2283141289925754,sitting
-873532.327485,0.9058813452720642,1.2179296107892847,sitting
-873532.316465,0.41870914743367454,1.2618925135508516,sitting
-873532.303209,0.20236637885106243,1.3906158108389368,sitting
-873532.291026,0.2900080611347895,1.43957464707659,sitting
-873532.279257,0.3389481338541922,1.3741170998956291,sitting
-873532.263176,0.2970025769531438,1.4276045694873378,sitting
-873532.2496720001,0.3877464942331921,1.3671757529039956,sitting
-873532.233617,0.32042371482752174,1.307490355858035,sitting
-873532.221616,0.8452777675042678,1.2370575857508683,sitting
-873532.210078,0.14745356751020927,1.5252647266801245,sitting
-873532.1975830001,0.1953791140694884,1.4443247006784117,sitting
-873532.184656,0.22223351196772437,1.523899902949832,sitting
-873532.1768220001,0.2724748683303777,1.380600715667232,sitting
-873532.168607,0.24007407890568383,1.3652644529272786,sitting
-873532.160944,0.2597933787031849,1.400588356170604,sitting
-873532.150712,0.3270644295313752,1.2316311759031895,sitting
-873532.137636,0.3186203054981707,1.2651200049640368,sitting
-873532.125982,0.3521147271645958,1.2166640720823776,sitting
-873532.113268,0.7036064122600774,1.0763938395255477,sitting
-873532.101703,0.36727167625894463,1.3430061196569856,sitting
-873532.091927,0.7388929128646851,1.2399453382365353,sitting
-873532.084428,0.885910153388977,1.2989063244880352,sitting
-873532.077341,0.721368134021759,1.4018593063590847,sitting
-873532.069295,0.3632741921715047,1.3583164199893774,sitting
-873532.057758,0.4579461506518703,1.395301986365384,sitting
-873532.051175,0.4604434304565169,1.218986929125148,sitting
-873532.04428,0.3467035102369086,1.4166661119435076,sitting
-873532.0363200001,0.3609549035317232,1.3111768740871477,sitting
-873532.02706,0.31606470477775506,1.455488407620292,sitting
-873532.011633,0.48797437291796,1.2290561316618014,sitting
-873532.001248,0.442830211524624,1.3930060408103522,sitting
-873531.985658,0.4838428900030705,1.2399739776124465,sitting
-873531.972971,0.4229862847049756,1.230496299863956,sitting
-873531.957825,0.99,1.2068026777248013,sitting
-873531.947133,0.9402101635932922,1.2054088624123063,sitting
-873531.936278,0.8940218091011047,1.2724139819119697,sitting
-873531.9285340001,0.9276710748672485,1.2171041448937276,sitting
-873531.921312,0.8566455245018005,1.2262236060137868,sitting
-873531.913302,0.8621593117713928,1.2216988170848029,sitting
-873531.9054180001,0.8046727776527405,1.2446852236372825,sitting
-873531.897441,0.8799927830696106,1.2417275841165556,sitting
-873531.889357,0.8409218192100525,1.2195479455990457,sitting
-873531.881318,0.9000800251960754,1.2549476550116636,sitting
-873531.873337,0.9215851426124573,1.2387330684655753,sitting
-873531.864852,0.805971622467041,1.2430260934551507,sitting
-873531.854128,0.9569843411445618,1.2310117001909262,sitting
-873531.848909,0.8632887601852417,1.2468784857792774,sitting
-873531.841271,0.8718011975288391,1.2272812662371266,sitting
-873531.833434,0.8837563395500183,1.2116649997430495,sitting
-873531.822641,0.9469136595726013,1.266311802181633,sitting
-873531.814139,0.9585584998130798,1.2464825504137478,sitting
-873531.802971,0.9262723326683044,1.2244721944713026,sitting
-873531.794216,0.9837874174118042,1.2129522769420413,sitting
-873531.786996,0.7914785742759705,1.2264910353479328,sitting
-873531.776158,0.915482759475708,1.272083746443113,sitting
-873531.768736,0.7897188067436218,1.229508546905537,sitting
-873531.7581430001,0.7886865735054016,1.2274856786505177,sitting
-873531.7462320001,0.9204435348510742,1.2127102779003178,sitting
-873531.736943,0.8637692332267761,1.2251517301322847,sitting
-873531.7248290001,0.8641560673713684,1.2182699893082987,sitting
-873531.716322,0.8740811347961426,1.2054081839967887,sitting
-873531.706536,0.9843192100524902,1.215849156091422,sitting
-873531.702334,0.9315145015716553,1.2402378967545098,sitting
-873531.696839,0.8518537878990173,1.2152283668456252,sitting
-873531.68938,0.9533361792564392,1.2361247768563897,sitting
-873531.68145,0.9002531170845032,1.2177687023007362,sitting
-873531.6734880001,1.0,1.2311366744618115,sitting
-873531.662508,0.9663842916488647,1.1768378610752044,sitting
-873531.65253,0.9026100039482117,1.16908660178392,sitting
-873531.641112,0.9336934685707092,1.1483791967020882,sitting
-873531.630119,0.8315253257751465,1.1783998655296641,sitting
-873531.62057,0.9128139615058899,1.1923609686539942,sitting
-873531.608595,1.0,1.2000286571051522,sitting
-873531.599836,0.9305574297904968,1.2375863945962462,sitting
-873531.5921230001,0.9452255368232727,1.205717335078342,sitting
-873531.578918,0.9412691593170166,1.1844964752715619,sitting
-873531.571034,0.844639003276825,1.190523930878638,sitting
-873531.560378,0.8741289973258972,1.165333844720542,sitting
-873531.551453,0.886004626750946,1.171593030488058,sitting
-873531.54009,0.8974640369415283,1.1740781904551363,sitting
-873531.5310760001,0.943152904510498,1.168738413547524,sitting
-873531.520774,0.7955852746963501,1.1308820091411573,sitting
-873531.511701,0.8875894546508789,1.1464739002058328,sitting
-873531.50241,0.8283445239067078,1.1660283961970075,sitting
-873531.4896,0.9016374349594116,1.1557642666406949,sitting
-873531.480034,0.9496502876281738,1.1733060677643854,sitting
-873531.467439,0.9464263916015625,1.1335207928949704,sitting
-873531.4573080001,0.9043312072753906,1.1429482109438927,sitting
-873531.445903,0.8470944166183472,1.1350632996184435,sitting
-873531.435348,0.7116513848304749,0.9792005469108194,sitting
-873531.42675,0.20404854540482287,1.256449422291214,sitting
-873531.41104,0.4177522908152101,1.4934732721961845,sitting
-873531.396676,0.3346391768281487,1.440907651950992,sitting
-873531.381333,0.2766284048491094,1.3878175567128008,sitting
-873531.366132,0.7756695677958004,1.0882756831024722,sitting
-873531.354222,0.29592892658475306,1.3853406097770047,sitting
-873531.3406100001,0.518267456530047,1.4081879560364934,sitting
-873531.3227360001,0.2896417379142957,1.375119743534491,sitting
-873531.309474,0.8517383866584641,1.411428536200932,sitting
-873531.2979540001,0.23367842136966535,1.3409631206892287,sitting
-873531.286275,0.2242388857437598,1.4029729444040955,sitting
-873531.27615,0.3557111720690795,1.1551261254979952,sitting
-873531.267089,0.35052311878177117,1.2130968299811125,sitting
-873531.256526,0.4392610047851041,1.1858586052363655,sitting
-873531.2476700001,0.8693188354552955,1.1261413699942846,sitting
-873531.239844,0.7611081004142761,1.166989505940192,sitting
-873531.231613,0.46184699496061765,1.3096097187710707,sitting
-873531.220432,0.7379393577575684,1.2859493346311277,sitting
-873531.213214,0.5299009196662641,1.343443691015489,sitting
-873531.199527,0.5249952899164678,1.2555146694156023,sitting
-873531.190231,0.5969942150455325,1.3297814706565902,sitting
-873531.179343,0.4626550271207457,1.185348514625662,sitting
-873531.163381,0.5562149888268086,1.2085369245622428,sitting
-873531.148638,0.4459911062739023,1.1677102847356626,sitting
-873531.13218,0.40217241214983795,1.193534507843752,sitting
-873531.115712,0.3903234954368476,1.4078312580561727,sitting
-873531.100352,0.3574370490473086,1.301518544603384,sitting
-873531.082248,0.4079482324521284,1.3722855446008468,sitting
-873531.067063,0.36425596544932637,1.3151690865720735,sitting
-873531.0525860001,0.3386144892134399,1.334450353116372,sitting
-873531.036348,0.3495349911431536,1.423628542087319,sitting
-873531.022198,0.3190771570596632,1.3682826091486122,sitting
-873531.008533,0.3203986703866151,1.4390723265642982,sitting
-873530.991899,0.5843080565388686,1.2241167526505374,sitting
-873530.97981,0.99,1.2287323219898583,sitting
-873530.965977,0.9491316676139832,1.2469860065054976,sitting
-873530.95594,0.7548028826713562,1.2501854984481846,sitting
-873530.94473,0.87679123878479,1.2508605526724899,sitting
-873530.9314540001,0.9417986273765564,1.2396080429475322,sitting
-873530.918012,0.9331347942352295,1.2325623166149882,sitting
-873530.908771,0.8764132261276245,1.2558406851030934,sitting
-873530.900559,0.7759203910827637,1.2155148187226388,sitting
-873530.891986,0.8475386500358582,1.263493821496826,sitting
-873530.888139,0.8892531991004944,1.2611311062327242,sitting
-873530.88142,0.8442667126655579,1.2686955687228805,sitting
-873530.87338,0.970077395439148,1.3237738601535685,sitting
-873530.865419,0.8167358040809631,1.2570136556559524,sitting
-873530.857432,0.8913313150405884,1.2724775361231893,sitting
-873530.849208,0.9497066140174866,1.260772622937774,sitting
-873530.841331,0.8858259320259094,1.182503275896667,sitting
-873530.831351,0.9254507422447205,1.241309603676327,sitting
-873530.825287,0.7479107975959778,1.2253767943403444,sitting
-873530.817209,0.799174964427948,1.2269547045963693,sitting
-873530.808604,0.8259544372558594,1.1833177541493467,sitting
-873530.800643,0.7996606230735779,1.1711076019178175,sitting
-873530.790861,0.8445367217063904,1.2341023796849955,sitting
-873530.782952,0.8622604608535767,1.2761679800822017,sitting
-873530.774834,0.5970051901604955,1.1804465421891779,sitting
-873530.766249,0.44457623933616897,1.3137136707480535,sitting
-873530.757651,0.48405572460365176,1.2649526684395216,sitting
-873530.749192,0.4540441560834008,1.224909381421397,sitting
-873530.741166,0.4724444949776047,1.2363647551716386,sitting
-873530.731748,0.36982507730854614,1.5040548359028465,sitting
-873530.72524,0.5035876394346583,1.2429117426366103,sitting
-873530.719182,0.49395567188845635,1.2388744290216342,sitting
-873530.70829,0.4475800415320326,1.3045824542703928,sitting
-873530.697815,0.5229255857745758,1.2503099084020972,sitting
-873530.6870960001,0.99,1.1663576936523423,sitting
-873530.679601,0.8256238698959351,1.1862269965232337,sitting
-873530.673386,0.7095925807952881,1.1784275700474538,sitting
-873530.665467,0.8958438038825989,1.1857960520969786,sitting
-873530.6574670001,0.8608391284942627,1.1472919795796979,sitting
-873530.649319,0.7594018578529358,1.1617656293228187,sitting
-873530.641356,0.8154342770576477,1.2270193718971871,sitting
-873530.633237,0.7943658232688904,1.1776452847870709,sitting
-873530.625305,0.751836359500885,1.1783091188214376,sitting
-873530.616487,0.7932794690132141,1.174676830947011,sitting
-873530.606889,0.7955366969108582,1.1672105822106653,sitting
-873530.600242,0.7706056833267212,1.1503328187540105,sitting
-873530.59332,0.8766703605651855,1.1604859703897255,sitting
-873530.5813440001,0.8827071189880371,1.1893565451565915,sitting
-873530.5724610001,0.741319477558136,1.1476434024247402,sitting
-873530.5646800001,0.885722279548645,1.1822546548384216,sitting
-873530.555948,0.8516689538955688,1.173109257905014,sitting
-873530.5482450001,0.7650788426399231,1.1419927485557495,sitting
-873530.537041,0.8181064128875732,1.1659902668723667,sitting
-873530.5288430001,0.8237858414649963,1.186034558016452,sitting
-873530.521053,0.7523480653762817,1.1819522905865032,sitting
-873530.507977,0.7656290531158447,1.1887323059324046,sitting
-873530.4989,0.8153120875358582,1.20725418768235,sitting
-873530.488051,0.8024030923843384,1.2120907831634198,sitting
-873530.478371,0.8095602989196777,1.2043744362893603,sitting
-873530.469465,0.8364759087562561,1.162633645872193,sitting
-873530.4601210001,0.8777080178260803,1.1657684755154487,sitting
-873530.451405,0.8379649519920349,1.180340965468997,sitting
-873530.44351,0.7782938480377197,1.2129541748870225,sitting
-873530.434841,0.9043334126472473,1.160852884377706,sitting
-873530.427298,0.7658408284187317,1.1554250465137095,sitting
-873530.420179,0.7761372923851013,1.1767189130395548,sitting
-873530.408972,0.7613740563392639,1.1754889164183822,sitting
-873530.400677,0.8599804639816284,1.1426710501839863,sitting
-873530.390975,0.8529655337333679,1.136311910395896,sitting
-873530.38314,0.7930989861488342,1.1686155893856531,sitting
-873530.371108,0.9380156397819519,1.171880892010166,sitting
-873530.3617530001,0.8411772847175598,1.187318286733496,sitting
-873530.348791,0.8946032524108887,1.1457607613781597,sitting
-873530.340927,0.7800377607345581,1.1381150354222167,sitting
-873530.328924,0.801676332950592,1.1283561641587552,sitting
-873530.319993,0.8718734383583069,1.1260632929440129,sitting
-873530.3112390001,0.8450677394866943,1.1431211063007432,sitting
-873530.301965,0.8744413256645203,1.1419535241900025,sitting
-873530.291656,0.8283183574676514,1.1482589451340832,sitting
-873530.285459,0.8582562804222107,1.1434470911070052,sitting
-873530.277164,0.8175991773605347,1.1433268597545774,sitting
-873530.2694250001,0.8087201714515686,1.1418414277343567,sitting
-873530.261334,0.9046659469604492,1.192422795522392,sitting
-873530.253401,0.825161874294281,1.2011293765291695,sitting
-873530.244737,0.9229516386985779,1.1464782751814675,sitting
-873530.2373650001,0.8525910973548889,1.173263886615115,sitting
-873530.229416,0.8495141267776489,1.1880464982241783,sitting
-873530.221473,0.890048623085022,1.2095949111823368,sitting
-873530.213401,0.9466220736503601,1.1897206423346214,sitting
-873530.205329,0.7685153484344482,1.180449765338154,sitting
-873530.197334,0.8217336535453796,1.1456897390890504,sitting
-873530.189472,0.8217336535453796,1.1455289529208104,sitting
-873530.181381,0.9746823906898499,1.1398722506373038,sitting
-873530.173486,0.8886696696281433,1.1495938343857914,sitting
-873530.165362,0.9616521596908569,1.1810947832544203,sitting
-873530.157441,0.3797102138419495,1.2213374370501682,sitting
-873530.149435,0.3325273651470515,1.2020152920753628,sitting
-873530.141408,0.3297924364020608,1.2365119163097353,sitting
-873530.133155,0.4894587046707863,1.3436824170601271,sitting
-873530.116367,0.44179474960209025,1.1573800041366482,sitting
-873530.099879,0.40785769732487964,1.2115806064778067,sitting
-873530.080341,0.4194394047519104,1.1382243068979743,sitting
-873530.069065,0.42942866883027003,1.322060538103499,sitting
-873530.0538100001,0.3993093119901483,1.4242542627866417,sitting
-873530.037672,0.5368374174906523,1.1483751669126714,sitting
-873530.0234610001,0.3803075540972949,1.3343280740910672,sitting
-873530.013045,0.5768827467853695,1.254738469281751,sitting
-873530.0017060001,0.499743958376825,1.3130004817489604,sitting
-873529.99207,0.35017023486918136,1.1088781118934379,sitting
-873529.984819,0.27563536520634946,1.4050896940933248,sitting
-873529.972592,0.3296946934768735,1.3245576942614834,sitting
-873529.952435,0.2249518103933492,1.42702191816098,sitting
-873529.941886,0.366527145659722,1.207915998622183,sitting
-873529.9236570001,0.33307251306015406,1.2985912388250571,sitting
-873529.914014,0.34624552924738655,1.298624397906302,sitting
-873529.90164,0.4803838586024193,1.278627262649625,sitting
-873529.889493,0.7703930735588074,1.2254735397934553,sitting
-873529.8833860001,0.8144318461418152,1.1802834965928901,sitting
-873529.878594,0.7766574025154114,1.2306126229188625,sitting
-873529.873457,0.47337013950765977,1.4200356825960294,sitting
-873529.865419,0.7942940592765808,1.3364061648891212,sitting
-873529.857453,0.7901882529258728,1.3564530820937541,sitting
-873529.849357,0.7495383620262146,1.3822030732838093,sitting
-873529.841237,0.40618868429981453,1.4530856751372294,sitting
-873529.828915,0.3981924077241918,1.4374520036753595,sitting
-873529.818446,0.42039088273736197,1.3947683962447024,sitting
-873529.808867,0.3762161944272532,1.4152907037942652,sitting
-873529.798236,0.3928227697126562,1.3185909036279795,sitting
-873529.788943,0.43200954729701574,1.3346247377698233,sitting
-873529.779152,0.4063421992692272,1.2661265283863297,sitting
-873529.769045,0.3259637748302153,1.447705278447252,sitting
-873529.759796,0.345851059002547,1.1966808931477626,sitting
-873529.75076,0.3390429897637643,1.3079531382186884,sitting
-873529.7432660001,0.37630770079265924,1.3411635426909378,sitting
-873529.736461,0.4070464317336415,1.4045877182935325,sitting
-873529.722532,0.36317501868415036,1.4257760472754022,sitting
-873529.709962,0.4135139167192217,1.3606710030022304,sitting
-873529.696961,0.4112512409842535,1.402191374910203,sitting
-873529.682919,0.33853409933961115,1.479851727550579,sitting
-873529.670157,0.37741833834592425,1.4421773961699196,sitting
-873529.654475,0.28906078537069213,1.5364506792239805,sitting
-873529.641998,0.3556802265031326,1.4469440286215898,sitting
-873529.628247,0.36147035926633325,1.505753925794178,sitting
-873529.617496,0.43148852461887977,1.4039502019916692,sitting
-873529.604013,0.35712781267983296,1.41597142659593,sitting
-873529.5898,0.43188192852611623,1.3605355495629912,sitting
-873529.5709630001,0.3861597307154642,1.3655091418432108,sitting
-873529.557768,0.378446710708387,1.3555602853267206,sitting
-873529.539214,0.42063333048782514,1.3205780201811312,sitting
-873529.523692,0.3807330409961332,1.4289081465301154,sitting
-873529.50846,0.39408600904430796,1.3749172921825386,sitting
-873529.494904,0.34464671927668505,1.4547041504645937,sitting
-873529.480982,0.3221170779951826,1.4663849750294613,sitting
-873529.467529,0.3303833254842221,1.4408737675593128,sitting
-873529.452223,0.37950834507465886,1.4816976126563026,sitting
-873529.443446,0.33327402490599994,1.5242198183692164,sitting
-873529.430458,0.353268419760568,1.3560001564537116,sitting
-873529.414231,0.4171714133619447,1.264286358629621,sitting
-873529.400576,0.4350987672130649,1.3001606373091796,sitting
-873529.385457,0.3165415621533524,1.346831038245424,sitting
-873529.369748,0.5086091700375238,1.2832092780664093,sitting
-873529.352851,0.43459898411377024,1.2940527130214745,sitting
-873529.335617,0.38256089550527195,1.250555565313769,sitting
-873529.322127,0.36115842537718457,1.3511236848321446,sitting
-873529.307521,0.99,1.0672028281139974,sitting
-873529.2958750001,0.37387745136620526,1.136925667894198,sitting
-873529.280671,0.31487470798872325,1.0077660168457023,sitting
-873529.268915,0.5190780333271499,1.1386708566259673,sitting
-873529.252105,0.37544628898750665,1.1861629872566235,sitting
-873529.235159,0.3873368506951543,1.066679009881884,sitting
-873529.217818,0.27890610269306276,1.2146846934592683,sitting
-873529.207132,0.4408642869663115,1.3115176412319478,sitting
-873529.1997090001,0.19166775254291066,1.1999764518519829,sitting
-873529.19176,0.18160499493439697,1.1773752099338322,sitting
-873529.180654,0.21463143419428052,1.2918255936518355,sitting
-873529.170563,0.18283222042149003,1.426593683806613,sitting
-873529.153427,0.7181104012579911,1.0874808181143645,sitting
-873529.143444,0.3265756215090867,1.1666734032925579,sitting
-873529.131979,0.3095301021453327,1.193594421680745,sitting
-873529.118201,0.4930916093768302,1.0018932800447815,sitting
-873529.103946,0.5595014894485539,1.1877067409687676,sitting
-873529.090087,0.4931355977206724,1.1726517097164049,sitting
-873529.070926,0.5973157129535476,1.175675740442951,sitting
-873529.059089,0.49175027760735374,1.1815101193972146,sitting
-873529.043531,0.8061360736991993,1.550490217387206,sitting
-873529.030072,0.6,1.3441627937970853,sitting
-873529.013519,0.5904283268707511,1.3486939973746783,sitting
-873528.9986180001,0.8720945715904236,1.528638701022928,sitting
-873528.988243,0.5477145034034697,1.3677204777979286,sitting
-873528.974837,0.6,1.1903006388720248,sitting
-873528.964924,0.6,1.1891986363647198,sitting
-873528.954031,0.6,1.2156005797047302,sitting
-873528.941309,0.5945592192102171,1.4151079850085688,sitting
-873528.926526,0.6,1.2399236621133154,sitting
-873528.908566,0.6,1.2160283776958187,sitting
-873528.890689,0.6,1.2197500232848668,sitting
-873528.878007,0.6,1.2366909027800088,sitting
-873528.868948,0.5357165738557018,1.1758392448361885,sitting
-873528.852966,0.6,1.2196622278327127,sitting
-873528.839167,0.6,1.3165756345859165,sitting
-873528.824451,0.99,1.2165700495127756,sitting
-873528.812831,0.7387966513633728,1.2125553232250397,sitting
-873528.809399,0.8386120796203613,1.230866048538004,sitting
-873528.801475,0.7928367853164673,1.2324700520710152,sitting
-873528.793233,0.9044126272201538,1.2728658171670744,sitting
-873528.785232,0.9024658799171448,1.168956474075197,sitting
-873528.776372,0.7824447751045227,1.2019582141892409,sitting
-873528.7681560001,0.924834132194519,1.258881657562028,sitting
-873528.759649,0.8663069605827332,1.1975956327341013,sitting
-873528.753292,0.8118813633918762,1.23965591911355,sitting
-873528.74537,0.9274553060531616,1.1821510263094037,sitting
-873528.7362340001,0.8835993409156799,1.20651160777581,sitting
-873528.7268000001,0.8787902593612671,1.192508919266035,sitting
-873528.7177650001,0.9809520244598389,1.2399050738561774,sitting
-873528.7085770001,0.7943622469902039,1.1742039608104595,sitting
-873528.7013910001,0.9448599815368652,1.1541234624045682,sitting
-873528.691678,0.7382577657699585,1.166403767595313,sitting
-873528.684486,0.862514317035675,1.183140550977512,sitting
-873528.6772800001,0.883886992931366,1.1628545792761624,sitting
-873528.6693460001,0.8382176756858826,1.2400676509299942,sitting
-873528.659016,0.9079539775848389,1.1534405478370928,sitting
-873528.6533240001,0.8982757925987244,1.1716707622517255,sitting
-873528.645369,0.8238496780395508,1.2333139206160237,sitting
-873528.637418,0.7122186422348022,1.2048076107742673,sitting
-873528.629414,0.782143771648407,1.1770270710319068,sitting
-873528.6212470001,0.9164814949035645,1.2118511035990407,sitting
-873528.612268,0.729543149471283,1.2296549876497362,sitting
-873528.605379,0.7794386744499207,1.1911892956032761,sitting
-873528.596866,0.8519617319107056,1.162905499186599,sitting
-873528.587135,0.7342777252197266,1.1975620963119735,sitting
-873528.578695,0.7336123585700989,1.2090036191992573,sitting
-873528.568294,0.8252412676811218,1.2052327482636125,sitting
-873528.560283,0.883040726184845,1.2573944601164357,sitting
-873528.552591,0.9281522035598755,1.3018004031438313,sitting
-873528.542886,0.793438196182251,1.3285437115385874,sitting
-873528.534451,0.3333471432627499,1.4075449967780709,sitting
-873528.519726,0.3589441466788195,1.4228556204631442,sitting
-873528.506483,0.4035248439851137,1.381156369745418,sitting
-873528.489945,0.3537943084384712,1.4096469581757485,sitting
-873528.478193,0.3517165922835481,1.326384267801373,sitting
-873528.461498,0.4396426190623513,1.351064252282137,sitting
-873528.443491,0.34084450855315246,1.3785788088970286,sitting
-873528.426025,0.36510032693260913,1.3984380277623938,sitting
-873528.410121,0.34429059066626466,1.4340518268914533,sitting
-873528.395826,0.3424249183597615,1.4684342184188033,sitting
-873528.379373,0.4162061896128708,1.3924138741783572,sitting
-873528.365764,0.37218112043727886,1.4092085963290266,sitting
-873528.350988,0.4360040389584367,1.4151452265761577,sitting
-873528.339366,0.4443918856172354,1.3808807737570779,sitting
-873528.325638,0.400607047157356,1.412692198347301,sitting
-873528.308873,0.43300340170767343,1.3928285090518209,sitting
-873528.29045,0.37203412001696395,1.4098593413773575,sitting
-873528.2762440001,0.3895660634431412,1.4174531814304006,sitting
-873528.266818,0.3982685035279324,1.4111587352983457,sitting
-873528.259569,0.44794823093958097,1.3697332043234187,sitting
-873528.246301,0.40903592876555805,1.3735297783313767,sitting
-873528.232822,0.40583132594936394,1.3846493501874888,sitting
-873528.219502,0.4748757134337737,1.3558406034889585,sitting
-873528.201903,0.3970405577186275,1.3902599632671233,sitting
-873528.182113,0.4208239310838576,1.4910310771758013,sitting
-873528.163381,0.99,1.1323227556483002,sitting
-873528.155994,0.7903854846954346,1.127934160736296,sitting
-873528.146044,0.8057788610458374,1.1490948546455044,sitting
-873528.138591,0.8310030102729797,1.1321057569920558,sitting
-873528.134724,0.9455365538597107,1.143279586855102,sitting
-873528.128419,0.8347899317741394,1.1470486787476486,sitting
-873528.12053,0.7513297200202942,1.116190193986546,sitting
-873528.113366,0.8724518418312073,1.1535789248607689,sitting
-873528.105128,0.7537186145782471,1.1296766183470908,sitting
-873528.094551,0.7527192234992981,1.1275325062597212,sitting
-873528.087109,0.8179944157600403,1.1289911600081486,sitting
-873528.07866,0.8528242111206055,1.1253587945018007,sitting
-873528.0726150001,0.7565334439277649,1.1183713764859258,sitting
-873528.065443,0.8239167332649231,1.1605772246536006,sitting
-873528.05739,0.8977802991867065,1.1121607824524014,sitting
-873528.049249,0.8108847737312317,1.143822346322973,sitting
-873528.039319,0.9743220210075378,1.1281721878177589,sitting
-873528.033054,0.8405969142913818,1.1629092085687907,sitting
-873528.025056,0.7836146354675293,1.1981865225436739,sitting
-873528.01728,0.8520635962486267,1.1439714677354145,sitting
-873528.009447,0.9317231774330139,1.1225958794853548,sitting
-873528.0014770001,0.8978524208068848,1.1610531359602216,sitting
-873527.993442,0.7872366309165955,1.143039633081548,sitting
-873527.985176,0.8521168231964111,1.101517771880172,sitting
-873527.9727640001,0.7913811206817627,1.1408663623865865,sitting
-873527.964298,0.9112202525138855,1.1356359402260279,sitting
-873527.954871,0.8398345112800598,1.1737597859390658,sitting
-873527.9426000001,0.871475875377655,1.1603312888894046,sitting
-873527.9344210001,0.9086167216300964,1.193816945330692,sitting
-873527.924202,0.9098826050758362,1.1431302002392414,sitting
-873527.9124660001,0.8193855881690979,1.1840059593527972,sitting
-873527.904422,0.8374290466308594,1.1376259272620555,sitting
-873527.894999,0.7861912250518799,1.1251433742780304,sitting
-873527.8848850001,0.7828733325004578,1.2139238823398921,sitting
-873527.877382,0.28346061030232284,1.2489976262326183,sitting
-873527.869089,0.4738682177453155,1.4631549534973032,sitting
-873527.86184,0.3121772102153746,1.4889888505848345,sitting
-873527.857047,0.5214737646995736,1.2233814703648243,sitting
-873527.847969,0.528034841357682,1.289967868222989,sitting
-873527.837839,0.4996397061074541,1.355123566128277,sitting
-873527.832055,0.47199555923636616,1.1506464630232593,sitting
-873527.824598,0.4376072324202897,1.3429409233263732,sitting
-873527.817252,0.5397347689973014,1.3398151289887896,sitting
-873527.805403,0.48459484724650115,1.3658645641514027,sitting
-873527.7987180001,0.4336816678794169,1.3935648042422102,sitting
-873527.79189,0.5898605952434348,1.2676222175450849,sitting
-873527.78434,0.9125167287003411,0.9298558814133528,sitting
-873527.773361,0.3382933542719826,1.4653600187222224,sitting
-873527.763566,0.2933008418711642,1.4899286291562337,sitting
-873527.754188,0.4204800005162662,1.346201380045792,sitting
-873527.739269,0.40586188088363745,1.3465530056742478,sitting
-873527.725993,0.21669890893522864,1.4827123563475677,sitting
-873527.713806,0.31715912334867663,1.3568456930561528,sitting
-873527.703278,0.34642741455515164,1.1832233131972947,sitting
-873527.688376,0.32566727960329594,1.174634134810777,sitting
-873527.676933,0.3505350495411405,1.2030936261433283,sitting
-873527.660351,0.99,1.152644813768371,sitting
-873527.651736,0.7124893069267273,1.153116045503559,sitting
-873527.644278,0.8121011853218079,1.1780858062119934,sitting
-873527.6353890001,0.8413007855415344,1.1461680595575108,sitting
-873527.628274,0.8508480191230774,1.1714359609031524,sitting
-873527.620066,0.962486982345581,1.1860356089082575,sitting
-873527.610412,0.8561206459999084,1.1825280056829137,sitting
-873527.601581,0.9705058932304382,1.163060357634098,sitting
-873527.591486,0.8801289200782776,1.2207849825499042,sitting
-873527.582775,0.9662432074546814,1.1824839332974815,sitting
-873527.5740200001,0.8946600556373596,1.1850273062060195,sitting
-873527.567213,0.8420402407646179,1.1704532614678644,sitting
-873527.559609,0.8669604063034058,1.1762844487028512,sitting
-873527.5539160001,0.8839311003684998,1.1925900341299118,sitting
-873527.546912,0.938897967338562,1.1810520992862825,sitting
-873527.541268,0.8703792095184326,1.1820069383114666,sitting
-873527.531017,0.9040054678916931,1.2142361445499836,sitting
-873527.522197,0.955165684223175,1.1870424481743709,sitting
-873527.515418,0.9558821320533752,1.1855242587452914,sitting
-873527.509458,0.9524850845336914,1.185024771153754,sitting
-873527.501501,0.907139241695404,1.1852376903400454,sitting
-873527.493425,0.8653767704963684,1.183994631826904,sitting
-873527.485468,1.0,1.1776943422010895,sitting
-873527.4771820001,0.855472207069397,1.1892562586974544,sitting
-873527.466472,0.9339872002601624,1.1891364389232053,sitting
-873527.453076,0.9359124302864075,1.1999097208272334,sitting
-873527.443434,1.0,1.1999298926190298,sitting
-873527.433909,0.8049646019935608,1.193969667199148,sitting
-873527.422501,0.9114711880683899,1.2317080231089559,sitting
-873527.412015,0.8343191146850586,1.2297366334290811,sitting
-873527.4030940001,0.9445714950561523,1.2402487614121287,sitting
-873527.391466,0.7268223166465759,1.2141926902332636,sitting
-873527.382737,0.8150516152381897,1.2057010526836622,sitting
-873527.3711550001,0.8924476504325867,1.1864932729172475,sitting
-873527.3614930001,0.9460444450378418,1.175067497121105,sitting
-873527.3519530001,0.8837924003601074,1.177017688272958,sitting
-873527.341719,1.0,1.1690499206719691,sitting
-873527.33325,0.9725633263587952,1.1521098974303499,sitting
-873527.325216,0.9595953226089478,1.147609866839423,sitting
-873527.316558,0.8705439567565918,1.146248901809669,sitting
-873527.30528,1.0,1.1534013228508275,sitting
-873527.295092,0.7912404537200928,1.1448213552316098,sitting
-873527.2849740001,0.9182392358779907,1.1423989552653193,sitting
-873527.274016,0.93517005443573,1.1280208769197744,sitting
-873527.266744,0.8643414378166199,1.1273930426799277,sitting
-873527.261098,0.9977321028709412,1.1325413639250912,sitting
-873527.252626,0.8171588778495789,1.1219072283247074,sitting
-873527.246987,0.7967507839202881,1.1250958483393227,sitting
-873527.241345,1.0,1.1230833686071486,sitting
-873527.233292,0.9903857111930847,1.1150163992799556,sitting
-873527.224306,0.9752172231674194,1.111941240385525,sitting
-873527.216753,0.8627411127090454,1.1152533008535195,sitting
-873527.208396,0.9085879325866699,1.1223173636132362,sitting
-873527.200629,0.9171351194381714,1.0976716027441888,sitting
-873527.191206,0.9692311882972717,1.0861892834105147,sitting
-873527.183766,0.8373140692710876,1.1123985217117487,sitting
-873527.174252,0.8911015391349792,1.1159516307350494,sitting
-873527.165667,0.8380635380744934,1.107587763008301,sitting
-873527.1582000001,0.85821533203125,1.084674432366898,sitting
-873527.149445,0.9443833827972412,1.0869168032268175,sitting
-873527.138668,0.996446430683136,1.0938339195813964,sitting
-873527.130722,0.9522854089736938,1.0970263632812025,sitting
-873527.11854,0.4538114253246268,1.4159412903845143,sitting
-873527.105579,0.9023619890213013,1.0977300323861492,sitting
-873527.096042,0.6,1.141226140038957,sitting
-873527.087543,0.41756122465222817,1.2390917434153503,sitting
-873527.076974,0.3729427609042694,1.318713415040976,sitting
-873527.067591,0.3231646933696347,1.4887427695762172,sitting
-873527.061723,0.4026455046819762,1.3753491422293629,sitting
-873527.05088,0.40260670682585703,1.3754836615630919,sitting
-873527.0395610001,0.99,1.0831430539340872,sitting
-873527.032179,0.9334646463394165,1.074414582319172,sitting
-873527.025386,0.8949414491653442,1.084333352543145,sitting
-873527.01723,0.9381491541862488,1.076825149063303,sitting
-873527.009253,0.8741371035575867,1.0874864624465226,sitting
-873527.001382,0.9270882606506348,1.0915779870290572,sitting
-873526.991742,0.9615078568458557,1.0769857465323014,sitting
-873526.9829320001,0.9107261896133423,1.0750252202955446,sitting
-873526.973405,0.8280797004699707,1.0681735559912067,sitting
-873526.963871,0.7984346747398376,1.0849012343711903,sitting
-873526.957257,0.915604829788208,1.0936444257666311,sitting
-873526.950918,0.9011442065238953,1.0813850633435251,sitting
-873526.944903,0.8951929807662964,1.0986871340302176,sitting
-873526.936965,0.9017472267150879,1.0845893246922733,sitting
-873526.9260260001,0.8429458141326904,1.0823364660443069,sitting
-873526.916388,0.8890960812568665,1.1105219389304737,sitting
-873526.906921,0.8197307586669922,1.0986134773743936,sitting
-873526.90086,0.8861788511276245,1.101263290130447,sitting
-873526.891404,0.789526104927063,1.099079480797101,sitting
-873526.883257,0.884710967540741,1.0949574767158263,sitting
-873526.87385,0.7963419556617737,1.0885013718971082,sitting
-873526.8610800001,1.0,1.0925716607053717,sitting
-873526.851821,0.8709143996238708,1.0946101077873824,sitting
-873526.843612,0.9314112067222595,1.107218075336712,sitting
-873526.832786,0.7400442957878113,1.0964537805669758,sitting
-873526.824208,0.8290319442749023,1.100525213120648,sitting
-873526.816863,0.829300045967102,1.106962164890347,sitting
-873526.805051,0.7452340722084045,1.103578215691428,sitting
-873526.795746,0.7985292673110962,1.1135337832669934,sitting
-873526.788543,0.8590700626373291,1.106842831117814,sitting
-873526.77512,0.8626603484153748,1.0984606012473423,sitting
-873526.766334,0.8754468560218811,1.1070591598401451,sitting
-873526.753197,0.9190630912780762,1.1200589105491283,sitting
-873526.743797,0.9114781618118286,1.136990830759605,sitting
-873526.735825,0.9293445944786072,1.1481592431983976,sitting
-873526.728204,0.9086944460868835,1.1528313215045767,sitting
-873526.719654,0.9688308835029602,1.1211690010042767,sitting
-873526.711164,0.9200775027275085,1.1521151457438519,sitting
-873526.699076,0.9729788899421692,1.1250015385795091,sitting
-873526.690545,0.9177156686782837,1.1202273608132818,sitting
-873526.678632,0.9674779176712036,1.140472111349689,sitting
-873526.669876,0.9153355956077576,1.1203262058633672,sitting
-873526.6589500001,0.8590490818023682,1.1302152835897816,sitting
-873526.651277,0.8842886686325073,1.10569405748913,sitting
-873526.645368,0.9652465581893921,1.1497624640621167,sitting
-873526.635612,0.9591652750968933,1.1264075292147027,sitting
-873526.6293970001,0.9123349785804749,1.1332232992432512,sitting
-873526.619884,0.9386026859283447,1.12894724066377,sitting
-873526.608494,0.912004828453064,1.1316763091923678,sitting
-873526.599429,0.9624835252761841,1.1170929027348726,sitting
-873526.588081,0.9463279843330383,1.1151496116061943,sitting
-873526.5804730001,0.8416340947151184,1.1568272515886693,sitting
-873526.5702300001,0.9389551877975464,1.1578026264601244,sitting
-873526.561755,0.9516436457633972,1.1362457591175223,sitting
-873526.55114,0.9454277753829956,1.145875296862414,sitting
-873526.542302,0.8837659358978271,1.1588016014007314,sitting
-873526.533114,0.99,1.139653737318847,sitting
-873526.5215970001,0.804897129535675,1.1491098723966306,sitting
-873526.514811,0.7817137837409973,1.1686496756223255,sitting
-873526.506346,0.8870779871940613,1.1804171907107706,sitting
-873526.501454,0.9357883930206299,1.17006161556293,sitting
-873526.4932810001,0.8982642292976379,1.1562795763014693,sitting
-873526.485291,0.8910610675811768,1.169319063013854,sitting
-873526.477218,0.926859438419342,1.157183118315476,sitting
-873526.4659140001,0.8852109909057617,1.1841597225672635,sitting
-873526.45844,0.8602268099784851,1.185163219537655,sitting
-873526.449437,0.7959524989128113,1.1856855374190909,sitting
-873526.43876,0.8736056685447693,1.189234080275372,sitting
-873526.430738,0.9723546504974365,1.174528566871718,sitting
-873526.424536,0.8919339776039124,1.1804388569649134,sitting
-873526.4156770001,1.0,1.1534994041954354,sitting
-873526.4088730001,0.8786167502403259,1.1667755971691731,sitting
-873526.39914,0.9107937812805176,1.1532872484076795,sitting
-873526.3875300001,0.7927973866462708,1.1632897476817905,sitting
-873526.3792280001,1.0,1.1765464147277238,sitting
-873526.369284,0.8616290092468262,1.194389510673314,sitting
-873526.360691,0.913426399230957,1.2104094705724537,sitting
-873526.353331,0.8139607310295105,1.2059142852778586,sitting
-873526.345484,0.8949540853500366,1.1956183370459166,sitting
-873526.337072,0.9632251262664795,1.1725391615750893,sitting
-873526.326729,0.845366895198822,1.178925229799526,sitting
-873526.3185930001,0.9204092025756836,1.1952670453264425,sitting
-873526.312161,0.9027904272079468,1.1893115672026107,sitting
-873526.304504,0.8732089400291443,1.1877283187064345,sitting
-873526.297437,0.962165892124176,1.1814742540571697,sitting
-873526.289274,0.9422886371612549,1.1906396135747865,sitting
-873526.281413,0.9373546838760376,1.203754440819743,sitting
-873526.2734010001,0.9373185634613037,1.1842227805980987,sitting
-873526.263639,0.9582785367965698,1.1990256314704348,sitting
-873526.257294,0.9701243042945862,1.2299944919006225,sitting
-873526.248386,0.8692482709884644,1.1997332947583494,sitting
-873526.241427,0.8858328461647034,1.1920659601462873,sitting
-873526.233501,0.7729030251502991,1.2080621121639323,sitting
-873526.2254850001,0.8553069829940796,1.2078424907487282,sitting
-873526.217342,0.9307135939598083,1.2187280198612944,sitting
-873526.209474,0.9455225467681885,1.2030886720030178,sitting
-873526.201255,0.9118218421936035,1.2082028363345527,sitting
-873526.192256,0.9611910581588745,1.223204355811204,sitting
-873526.1854300001,0.8206316828727722,1.2035660027898758,sitting
-873526.177108,0.8547518849372864,1.2018520376602728,sitting
-873526.165563,0.9057478308677673,1.2051110064184711,sitting
-873526.150331,0.8627170920372009,1.2215828558106003,sitting
-873526.1407400001,0.9641944766044617,1.2172869566552849,sitting
-873526.1304060001,0.7915458679199219,1.2405871779495792,sitting
-873526.119391,0.2661447836661938,1.1659909521948988,sitting
-873526.102149,0.3038401975714868,1.4100151449124452,sitting
-873526.088996,0.31481958497478707,1.4078462079920344,sitting
-873526.074025,0.32210393822922667,1.327124287781051,sitting
-873526.059199,0.47167922500671067,1.1212782674053998,sitting
-873526.041737,0.4618331223727264,1.2910128803151282,sitting
-873526.024417,0.24418632929263456,1.2591812972006933,sitting
-873526.012464,0.2772196854982633,1.2045725542347747,sitting
-873525.999544,0.3104948695548585,1.1694773767725475,sitting
-873525.988339,0.7847847836025574,1.1620479922638376,sitting
-873525.9783300001,0.40495517388283286,1.0091568130059883,sitting
-873525.967064,0.2983568187665372,1.2972299784086987,sitting
-873525.956936,0.45532425260340703,0.9833740575810577,sitting
-873525.946869,0.4716853191541628,1.0894350706972,sitting
-873525.93081,0.7314443588256836,1.4558616921381513,sitting
-873525.922746,0.5650941682409766,1.1947495255467113,sitting
-873525.907673,0.5541059668524915,1.1204770896719563,sitting
-873525.894541,0.47282826084772667,1.1694105905527539,sitting
-873525.881167,0.49883138732406423,1.2460323456718632,sitting
-873525.864863,0.47233388799788734,1.231476389660648,sitting
-873525.851367,0.5238449451645077,1.2106678127327801,sitting
-873525.837604,0.5456296626728564,1.2357400224215391,sitting
-873525.82701,0.5060675470644486,1.254525734386566,sitting
-873525.816677,0.5072558574336983,1.1996294233221034,sitting
-873525.810339,0.4900442004555997,1.2689592753193453,sitting
-873525.8030600001,0.4416830050168022,1.2431588352752994,sitting
-873525.796703,0.3504532230320682,1.2786445754654059,sitting
-873525.788792,0.41820177162354527,1.326990206538075,sitting
-873525.780582,0.4164392912386032,1.27284799380443,sitting
-873525.772439,0.99,1.2040627521907101,sitting
-873525.76535,0.9021602272987366,1.2084267744900887,sitting
-873525.757478,0.9031786322593689,1.2829804676304768,sitting
-873525.7493970001,0.8066418170928955,1.2080014795044849,sitting
-873525.741422,0.9860026836395264,1.2578310676160407,sitting
-873525.733257,0.8513737916946411,1.2414934878992683,sitting
-873525.723978,1.0,1.2604963129605378,sitting
-873525.716989,0.953545093536377,1.2349287397413815,sitting
-873525.709246,0.9207742810249329,1.2016966587937419,sitting
-873525.700005,0.8395072817802429,1.2132654488364807,sitting
-873525.692993,0.7637272477149963,1.2163401741397104,sitting
-873525.6854760001,0.9632412791252136,1.210870336338886,sitting
-873525.677245,0.8786686658859253,1.197070725719417,sitting
-873525.668403,0.8632803559303284,1.2282840648463522,sitting
-873525.659965,0.9017139077186584,1.1993702856516926,sitting
-873525.653074,0.8014787435531616,1.2248946941295649,sitting
-873525.645363,0.8521653413772583,1.2203376391091219,sitting
-873525.637015,0.8488745093345642,1.2241975162735228,sitting
-873525.6292580001,0.7804078459739685,1.2096450001202297,sitting
-873525.621344,0.9223617315292358,1.2112371031267748,sitting
-873525.611639,0.8046293258666992,1.2266811297357285,sitting
-873525.605327,0.8163502216339111,1.2493909530668996,sitting
-873525.597402,0.8470827341079712,1.193915581674048,sitting
-873525.589429,0.8074985146522522,1.1734953078420838,sitting
-873525.580716,0.8647627234458923,1.1896528207985,sitting
-873525.572582,0.8955520391464233,1.1900079493280442,sitting
-873525.564162,0.7218154072761536,1.175045740245058,sitting
-873525.555837,0.9432806372642517,1.204998991309905,sitting
-873525.549138,0.8516162037849426,1.1952448071184314,sitting
-873525.541061,0.813095211982727,1.1748281871161557,sitting
-873525.532264,0.7676870226860046,1.1927241924892606,sitting
-873525.525515,0.8147482872009277,1.1697357859571427,sitting
-873525.51741,0.8555386662483215,1.1478696016971908,sitting
-873525.509321,0.834518551826477,1.1409763750744282,sitting
-873525.500007,0.8460237383842468,1.1448966260854205,sitting
-873525.488898,0.952888548374176,1.2212482161093416,sitting
-873525.480912,0.7151523232460022,1.225894924876127,sitting
-873525.474298,0.8222098350524902,1.2561963668702867,sitting
-873525.46772,0.7747770547866821,1.2440658690691255,sitting
-873525.461387,0.748076319694519,1.212698943127041,sitting
-873525.45341,0.7447056174278259,1.144585745356507,sitting
-873525.443474,0.8166899681091309,1.1490448223525496,sitting
-873525.4330440001,0.8036913871765137,1.1775183022846942,sitting
-873525.422768,0.7843353152275085,1.129405323096408,sitting
-873525.413174,0.7834267020225525,1.1339221602869243,sitting
-873525.402193,0.8256906270980835,1.1325174147310308,sitting
-873525.394977,0.8001961708068848,1.162576020465182,sitting
-873525.387553,0.9208463430404663,1.102290342058796,sitting
-873525.379554,0.26506394535227096,1.2774815942309532,sitting
-873525.3728830001,0.29947246882736933,1.3223650707825803,sitting
-873525.364288,0.44644972539188493,1.3655507812279026,sitting
-873525.354759,0.5287102849488541,1.3374763307457624,sitting
-873525.342532,0.44645513341696896,1.265910377704576,sitting
-873525.327559,0.5335659418456092,1.061180419118339,sitting
-873525.315608,0.5395368923085564,1.2874813369082445,sitting
-873525.3046650001,0.3146196923507575,1.3821555290599141,sitting
-873525.297315,0.32502895811174914,1.3330492541707075,sitting
-873525.289114,0.8145074998511473,2.6311831723732855,sitting
-873525.2813510001,0.47036104728676725,1.343597744637429,sitting
-873525.273345,0.40450947403892096,1.2918820390869388,sitting
-873525.262848,0.2904771600688959,1.323763811055965,sitting
-873525.253379,0.3065720186895229,1.3079993550839326,sitting
-873525.240816,0.4789299877286284,1.2688541191307192,sitting
-873525.229696,0.7834877967834473,1.0530707241444874,sitting
-873525.222345,0.804627537727356,1.0795587925245442,sitting
-873525.2108550001,0.7786007523536682,1.1911358449874303,sitting
-873525.200316,0.48050201712147095,1.0242310318042036,sitting
-873525.185945,0.32342659663726386,1.0807393247851942,sitting
-873525.172965,0.4217385102305506,0.9691897095294819,sitting
-873525.16295,0.3515738712188478,1.0932374176913964,sitting
-873525.153086,0.3375580168714098,1.3373353290763035,sitting
-873525.138284,0.19897870885694827,1.3461598452954089,sitting
-873525.128135,0.3531429015759416,1.6664598301506945,sitting
-873525.118104,0.3593522336118263,1.7184812526218045,sitting
-873525.106534,0.99,1.1153614860117496,sitting
-873525.096808,0.9521753191947937,1.1246952471171197,sitting
-873525.08947,0.7364257574081421,1.1572870681170406,sitting
-873525.08131,0.29975254704751064,1.415869121771891,sitting
-873525.073493,0.31541579160843,1.3621767897881871,sitting
-873525.060281,0.99,1.0144623233795982,sitting
-873525.0523720001,0.8099655508995056,1.0531527751585918,sitting
-873525.045323,0.5903387762373524,1.3524261422153772,sitting
-873525.036038,0.3498822284440747,1.3552030202384335,sitting
-873525.027138,0.4116707761187413,1.2583171316854207,sitting
-873525.015722,0.4632172703151093,1.3976105734811957,sitting
-873525.001742,0.5345264904153303,1.2764593353599842,sitting
-873524.9867,0.5861269723912682,1.3373205735549978,sitting
-873524.969014,0.4802116720574776,1.2974211868126506,sitting
-873524.959072,0.3944209774082847,1.4297676553196483,sitting
-873524.952436,0.4409472228241858,1.1862155168769832,sitting
-873524.942193,0.4949574043573748,1.2563991005344097,sitting
-873524.9368660001,0.4150146452694314,1.1870101773389168,sitting
-873524.932007,0.38602940901381216,1.421793961664104,sitting
-873524.922536,0.344371734143643,1.4420349096260674,sitting
-873524.915639,0.4767858618542514,1.2970127004512735,sitting
-873524.905302,0.4768663020891318,1.2943265823849925,sitting
-873524.895476,0.932407070414121,0.9414174979247667,sitting
-873524.887526,0.7480610609054565,1.0084949467862345,sitting
-873524.879153,0.7008489966392517,1.0689954368345234,sitting
-873524.871651,0.7859026193618774,1.112927735046925,sitting
-873524.865817,0.7189134955406189,1.1910035040794504,sitting
-873524.857005,0.7742087841033936,1.240119441939365,sitting
-873524.8512500001,0.37541693955201855,1.4059679509092162,sitting
-873524.838967,0.4039318051683368,1.193794920852759,sitting
-873524.827482,0.3079331500222399,1.274992567967228,sitting
-873524.811502,0.38854874586605853,1.3784378762868137,sitting
-873524.79583,0.2787472459913302,1.2034982581239104,sitting
-873524.7823740001,0.4517511808662991,1.3426608283127255,sitting
-873524.7671170001,0.325388653081141,1.399121159371182,sitting
-873524.752489,0.3823855878045645,1.2557758682182678,sitting
-873524.739406,0.391457009494268,1.2183336381008387,sitting
-873524.728653,0.41952906897608194,1.308760223778794,sitting
-873524.7128,0.34769299891194433,1.1802095943080833,sitting
-873524.702331,0.3103132148054721,1.1981417472862255,sitting
-873524.692259,0.39325537818590367,1.488845052055943,sitting
-873524.685019,0.99,1.1131431905016922,sitting
-873524.677435,0.8151746392250061,1.1061266633425881,sitting
-873524.669449,0.8017148375511169,1.125774260823576,sitting
-873524.661511,0.9055687785148621,1.1144256103809935,sitting
-873524.653482,0.8687090873718262,1.1300599713134387,sitting
-873524.645466,0.9679439067840576,1.1059745301281376,sitting
-873524.637381,0.8573495149612427,1.112514942065086,sitting
-873524.629391,0.9816828966140747,1.1285046860711114,sitting
-873524.621485,0.9589866399765015,1.121673537463085,sitting
-873524.613448,0.9130571484565735,1.1253450979751438,sitting
-873524.605464,0.8914741277694702,1.1239395624593307,sitting
-873524.597222,0.9452306032180786,1.1463226754803166,sitting
-873524.58947,0.9662773609161377,1.1266229110807338,sitting
-873524.581411,0.8297403454780579,1.1159866173765662,sitting
-873524.573371,0.8466919660568237,1.1051791889490912,sitting
-873524.565366,0.9962813854217529,1.1256704643589246,sitting
-873524.557455,0.9992409944534302,1.1041715505340148,sitting
-873524.549441,0.922243595123291,1.1081504633356012,sitting
-873524.541429,0.8730790615081787,1.206057891073684,sitting
-873524.533267,0.3443513162272419,1.352733628482408,sitting
-873524.521707,0.368675581602543,1.3827102933929392,sitting
-873524.506922,0.3367453467576136,1.3360890896993425,sitting
-873524.497721,0.3332868079711643,1.4183729588812461,sitting
-873524.486497,0.35322212682068027,1.4385766877125135,sitting
-873524.478692,0.36495140050288044,1.3159270217780747,sitting
-873524.47265,0.34260251055646634,1.3865498932023415,sitting
-873524.461915,0.329766637713698,1.392071448198898,sitting
-873524.447475,0.3275979619329078,1.3243995937595727,sitting
-873524.432414,0.3611105642368912,1.4066439758629645,sitting
-873524.418018,0.3324085806944518,1.3634878916668134,sitting
-873524.404568,0.3897368485546024,1.3746546990244544,sitting
-873524.396613,0.40133700398220684,1.3249264793058533,sitting
-873524.384739,0.36974202441533716,1.3877484960907083,sitting
-873524.375006,0.347480205929424,1.3269188553267561,sitting
-873524.365487,0.31405464196090505,1.3479666742092058,sitting
-873524.358982,0.4331115792626477,1.3789817233903578,sitting
-873524.352215,0.4323350753681819,1.3493974277332685,sitting
-873524.343352,0.99,1.073610120188138,sitting
-873524.337374,0.9481633305549622,1.076187883547914,sitting
-873524.32924,0.9168851375579834,1.0755631920788025,sitting
-873524.321171,0.9875940680503845,1.0755265711752693,sitting
-873524.3104140001,0.8279473185539246,1.0841546640749482,sitting
-873524.302979,0.9990422129631042,1.0933516566883634,sitting
-873524.294473,0.9692730903625488,1.0918149101214696,sitting
-873524.287536,0.7137505412101746,1.0651658841302964,sitting
-873524.280636,0.99,1.0799224320575127,sitting
-873524.273533,0.7754055857658386,1.0777007792515843,sitting
-873524.265269,0.32508992620807803,1.163757087359571,sitting
-873524.257402,0.7037732601165771,1.1915358080938616,sitting
-873524.247588,0.8674371242523193,1.1035168048274282,sitting
-873524.241442,0.9561058282852173,1.0617373773569954,sitting
-873524.231841,0.9561058282852173,1.0620173817878333,sitting
-873524.2254860001,0.9243291020393372,1.0699277329770989,sitting
-873524.217453,0.824061393737793,1.0765708348402319,sitting
-873524.209499,0.8693258762359619,1.0790982435993501,sitting
-873524.20148,0.8997057676315308,1.0605923565495186,sitting
-873524.193436,0.8500709533691406,1.0653642384928514,sitting
-873524.1855060001,0.8445650339126587,1.0730695549833142,sitting
-873524.1774480001,0.8935269117355347,1.0744912174486978,sitting
-873524.169485,0.8703370690345764,1.081861395074391,sitting
-873524.161403,0.9137336611747742,1.0606525789718084,sitting
-873524.153468,0.842616617679596,1.056206611208932,sitting
-873524.1453,0.9569761157035828,1.0716270612863932,sitting
-873524.137383,0.9348583817481995,1.0508295602146007,sitting
-873524.129452,1.0,1.0884090618435986,sitting
-873524.1213860001,0.8678796887397766,1.0898374184710113,sitting
-873524.11344,0.8028997778892517,1.1082698140759062,sitting
-873524.105459,0.9614044427871704,1.0705298798695817,sitting
-873524.097482,0.9218817353248596,1.062683638859622,sitting
-873524.089434,0.865282416343689,1.0589233718713653,sitting
-873524.081458,0.9444278478622437,1.0780947929411102,sitting
-873524.073433,0.8684508204460144,1.062627635484985,sitting
-873524.065511,1.0,1.0689183486755156,sitting
-873524.057551,0.945972740650177,1.0808220764870509,sitting
-873524.049384,1.0,1.0888423339024076,sitting
-873524.037439,0.9626801013946533,1.09704525208664,sitting
-873524.029466,0.8276848793029785,1.0993730972250813,sitting
-873524.0211830001,1.0,1.1073418944043953,sitting
-873524.0127440001,0.6,1.01596181579469,sitting
-873523.996906,0.5071183212489071,1.2317422429675657,sitting
-873523.9799040001,0.4720783544538142,1.1680722372730599,sitting
-873523.971137,0.3568236958950571,1.019860984466518,sitting
-873523.960897,0.48288788841929625,1.1745503947597742,sitting
-873523.951932,0.4236870279908448,1.0600905519635466,sitting
-873523.942825,0.43887655407466636,1.1333390398012142,sitting
-873523.9348950001,0.29658326478246233,1.336635873833961,sitting
-873523.923549,0.39063283362624546,0.9907612260487864,sitting
-873523.91567,0.3057164803697868,1.2262208284611562,sitting
-873523.909278,0.5146339333925574,1.0572238416150759,sitting
-873523.901431,0.465286873423242,1.1350665998340985,sitting
-873523.893428,0.22943296559561938,1.1893180961935026,sitting
-873523.885489,0.22881022675590426,1.149949037483474,sitting
-873523.877457,0.28352759350430334,0.9069833356627282,sitting
-873523.869496,0.31279737587825335,1.0710124313612788,sitting
-873523.861472,0.4198626549333561,1.0857701539010192,sitting
-873523.853396,0.4322972094484959,1.1893210190716408,sitting
-873523.84334,0.7855876139013306,0.8944512474824231,sitting
-873523.836224,0.5040019575219092,1.3695922730163597,sitting
-873523.826991,0.5545060947772072,1.3712841564964902,sitting
-873523.820432,0.5154368246384423,1.360197419927823,sitting
-873523.813394,0.5670121127443498,1.3575443413313533,sitting
-873523.8054610001,0.5113798154807689,1.3447382111800787,sitting
-873523.79436,0.580910083375917,1.0992111380947223,sitting
-873523.786374,0.4983632647757802,1.3923274337245437,sitting
-873523.780251,0.45912593124925366,1.3539399056147974,sitting
-873523.769647,0.46128846128195333,1.4179824458608064,sitting
-873523.76247,0.40613917697734686,1.4132053333470402,sitting
-873523.754096,0.99,1.0496150952008354,sitting
-873523.748423,0.8714084625244141,1.0748891767845157,sitting
-873523.741397,0.7453492283821106,1.0647020392759328,sitting
-873523.730737,0.8879308700561523,1.0809270102996913,sitting
-873523.724397,0.9111498594284058,1.0944519121688985,sitting
-873523.717416,0.9110772013664246,1.0811179815558813,sitting
-873523.7094180001,0.9093011021614075,1.1465219560624185,sitting
-873523.70152,0.8453357815742493,1.1418616618140702,sitting
-873523.693371,0.8438007235527039,1.109535065211178,sitting
-873523.685541,1.0,1.1120087896562003,sitting
-873523.677348,0.9483075737953186,1.09544056859276,sitting
-873523.669466,0.9488331079483032,1.09288204822967,sitting
-873523.661509,0.9343888759613037,1.1038581135558125,sitting
-873523.653473,0.9426242709159851,1.1031055347633987,sitting
-873523.645456,0.9547819495201111,1.1047712436688553,sitting
-873523.6374390001,0.9901288747787476,1.1067883766538706,sitting
-873523.629074,0.8791491389274597,1.1070235561978703,sitting
-873523.616733,0.9759232997894287,1.101538916166254,sitting
-873523.6089560001,0.9305098056793213,1.1022774364982508,sitting
-873523.599856,0.9075624346733093,1.1254453155331494,sitting
-873523.58788,0.9132975339889526,1.1213411045442312,sitting
-873523.579376,0.8706302642822266,1.1097524451144367,sitting
-873523.569257,0.9273795485496521,1.135111195273097,sitting
-873523.557657,0.7814225554466248,1.144805277003528,sitting
-873523.548254,0.8936010003089905,1.1308905395505304,sitting
-873523.535963,0.963434636592865,1.1096689902412953,sitting
-873523.526196,0.8908158540725708,1.117690577166436,sitting
-873523.5172240001,0.9154056310653687,1.1307289373159475,sitting
-873523.507747,0.9385361671447754,1.1201249393639081,sitting
-873523.499102,1.0,1.1310179350182428,sitting
-873523.489129,1.0,1.1138810110220252,sitting
-873523.479992,0.9477318525314331,1.1132215102573717,sitting
-873523.470844,0.9490257501602173,1.1156270486342899,sitting
-873523.461403,1.0,1.1278432148668096,sitting
-873523.456983,0.9740000367164612,1.1666281800422866,sitting
-873523.4494190001,0.9109143018722534,1.1711674554229754,sitting
-873523.441291,0.8987632393836975,1.1346214468427038,sitting
-873523.433465,0.9833509922027588,1.1087097220753268,sitting
-873523.425475,0.9249650835990906,1.0909815598662571,sitting
-873523.417317,0.9425265192985535,1.1038197915328323,sitting
-873523.405808,0.9567652940750122,1.091755893280994,sitting
-873523.395437,0.8881832957267761,1.0902889439883436,sitting
-873523.386412,0.9490830898284912,1.0917771890955983,sitting
-873523.373813,0.9837729334831238,1.0902884409879725,sitting
-873523.364884,1.0,1.086551585243737,sitting
-873523.356653,1.0,1.0690750805353146,sitting
-873523.3471370001,0.8143265843391418,1.1050017765136837,sitting
-873523.338068,0.9773158431053162,1.0996242158175455,sitting
-873523.33039,0.8452557921409607,1.0866702893664373,sitting
-873523.322138,0.8412685990333557,1.0692399607059948,sitting
-873523.311338,0.8935083746910095,1.0874029165419428,sitting
-873523.3033660001,0.915083646774292,1.0912046338003938,sitting
-873523.294419,0.9794410467147827,1.095991186431287,sitting
-873523.288008,0.8347667455673218,1.0977918875846986,sitting
-873523.281107,1.0,1.0849515586873442,sitting
-873523.273409,1.0,1.109540671202713,sitting
-873523.265486,0.9681670665740967,1.1012405815028878,sitting
-873523.254943,0.8705965280532837,1.0969058802681442,sitting
-873523.245441,0.7888069748878479,1.1071189514661284,sitting
-873523.238217,1.0,1.0856500941719602,sitting
-873523.231383,0.888966977596283,1.1120680549562847,sitting
-873523.225432,0.8794251084327698,1.1047988845857741,sitting
-873523.217222,0.8141105771064758,1.101999497789587,sitting
-873523.20708,0.8653578758239746,1.0910701081270875,sitting
-873523.201372,0.8404855132102966,1.101396621314107,sitting
-873523.192925,0.9871993660926819,1.0708346160737392,sitting
-873523.185424,0.9883772730827332,1.107006267658039,sitting
-873523.177286,0.921873927116394,1.088457839330239,sitting
-873523.1692380001,0.8762081861495972,1.1193969540569801,sitting
-873523.16119,0.9401296973228455,1.0998169211483848,sitting
-873523.153379,0.8554649353027344,1.1158011684106448,sitting
-873523.145216,0.9470301866531372,1.126423143524847,sitting
-873523.137291,0.813715398311615,1.1127986555043594,sitting
-873523.129447,0.9492793083190918,1.112581200054306,sitting
-873523.1213,0.8303681015968323,1.094596562357304,sitting
-873523.113033,0.9988104701042175,1.0966280629560892,sitting
-873523.1013260001,0.8963849544525146,1.1070518460848486,sitting
-873523.093272,1.0,1.1056599074207423,sitting
-873523.0826440001,0.907627284526825,1.112397224719007,sitting
-873523.077257,0.9835214614868164,1.107800065704052,sitting
-873523.065697,0.9521257281303406,1.121031367464286,sitting
-873523.060218,0.8687949776649475,1.0868374146265394,sitting
-873523.052965,0.949863076210022,1.075830972086171,sitting
-873523.042168,0.9106411933898926,1.069208586378339,sitting
-873523.03243,0.7502478957176208,1.0589483683371825,sitting
-873523.021922,0.2932467731013482,1.1525044472715735,sitting
-873523.009494,0.7926859940463785,0.8296866650770811,sitting
-873522.999036,0.3991239459897519,1.255358315803751,sitting
-873522.987234,0.4491728278948403,1.1737944908787945,sitting
-873522.97519,0.38021246589453206,1.2210082654260699,sitting
-873522.966078,0.44613360017737885,1.2178048376351747,sitting
-873522.952829,0.5640283883360014,1.0518832306378605,sitting
-873522.941813,0.4355235723539525,1.153054348965901,sitting
-873522.928322,0.4645247465212347,1.0133081794694019,sitting
-873522.914578,0.44306829237825546,1.0991949219050223,sitting
-873522.891814,0.5110319121160659,1.1758059254454314,sitting
-873522.87815,0.4681172453080569,1.0955562735792275,sitting
-873522.863257,0.49628662392736533,1.195544992129821,sitting
-873522.84642,0.7827475666999817,0.8180922539708204,sitting
-873522.8372610001,0.4738910383930797,1.2224424746263294,sitting
-873522.830909,0.49360909386788543,1.155360804662135,sitting
-873522.822818,0.5048126226006312,1.1006202428176755,sitting
-873522.813282,0.4888248441489807,1.135882528178076,sitting
-873522.801829,0.6,1.1642137199745575,sitting
-873522.789642,0.4476070482554632,1.2256010441058311,sitting
-873522.77413,0.5639503752687556,1.168538237697986,sitting
-873522.763166,0.48144025491312903,1.1016644987443498,sitting
-873522.747205,0.535362589382251,1.0765813283847656,sitting
-873522.729878,0.46646619178820525,1.2604957664492469,sitting
-873522.7177,0.4968976252291397,1.3058693593722102,sitting
-873522.699843,0.44296752417639856,1.3119441783684018,sitting
-873522.689745,0.31296667320086496,1.2455405742203722,sitting
-873522.682636,0.7873624139611511,1.1764304185535681,sitting
-873522.675616,0.35114712091416783,1.1574426397091022,sitting
-873522.667422,0.27821220512097755,1.1241230289881559,sitting
-873522.657949,0.2720918130839729,1.2209785517976761,sitting
-873522.649748,0.3476803465533865,1.1592500011202178,sitting
-873522.642587,0.3710927667496525,1.034241206853184,sitting
-873522.6313,0.9088992886758989,1.1809386604852756,sitting
-873522.624396,0.46916798680425886,1.0342157695405385,sitting
-873522.61354,0.48206292758401065,1.0650861765382742,sitting
-873522.600901,0.4939327668582641,1.1306148690594107,sitting
-873522.585543,0.7155030630317436,0.9950660375372191,sitting
-873522.574818,0.876114547252655,1.0401670801926306,sitting
-873522.568435,0.48197215625835477,1.2787017540242558,sitting
-873522.552468,0.76467365026474,1.1761436802658198,sitting
-873522.545476,0.8230444192886353,1.2453145214199752,sitting
-873522.537302,0.3721993429013695,1.1072005070711177,sitting
-873522.521501,0.33952832187484366,1.175492243690019,sitting
-873522.507736,0.44564507477904197,1.2269691988205365,sitting
-873522.4893380001,0.32442201520666675,1.2444321879640037,sitting
-873522.4772130001,0.39668927305413965,1.163104869940696,sitting
-873522.460041,0.4618704338160009,1.1903989605496048,sitting
-873522.444953,0.30691822193705826,1.309865862196863,sitting
-873522.435171,0.2957151720801747,1.4185561420136463,sitting
-873522.421781,0.31916293515985406,1.3041757230932483,sitting
-873522.412816,0.29617207463031453,1.3588441372128104,sitting
-873522.405822,0.3114337981278452,1.3789873746330894,sitting
-873522.398576,0.29838338662573927,1.3227192743528002,sitting
-873522.390368,0.28711603617909176,1.4611612189710765,sitting
-873522.378714,0.3036531811789241,1.4752163316378697,sitting
-873522.371323,0.2584062354196163,1.4728419849355165,sitting
-873522.365215,0.2898373293458664,1.4485237307318455,sitting
-873522.357729,0.3557685634865381,1.2069740691122917,sitting
-873522.351883,0.2800906713492193,1.3884794500143598,sitting
-873522.3447830001,0.3462262686106952,1.4141694287289388,sitting
-873522.335315,0.99,1.1967387338850801,sitting
-873522.3272920001,0.8515189290046692,1.225147628634648,sitting
-873522.321251,0.8845822215080261,1.2483706367789305,sitting
-873522.313253,0.8607811331748962,1.2359057963496785,sitting
-873522.303864,0.8139647841453552,1.20691978414763,sitting
-873522.296229,0.889492392539978,1.2105348578993618,sitting
-873522.286397,0.8456018567085266,1.1852597211056959,sitting
-873522.27966,0.8110349774360657,1.2064349126381781,sitting
-873522.273298,0.9313652515411377,1.177802834555926,sitting
-873522.265508,0.7084817290306091,1.1528150805101665,sitting
-873522.257551,0.8578426837921143,1.1633209627881103,sitting
-873522.249237,0.8049770593643188,1.165525002811147,sitting
-873522.241375,0.7980716228485107,1.1277988473354013,sitting
-873522.233182,0.7736031413078308,1.1405964359437162,sitting
-873522.225337,0.7623981237411499,1.1343306708343075,sitting
-873522.216759,0.7330417633056641,1.1105472099275175,sitting
-873522.206093,0.8662065863609314,1.1223317074457984,sitting
-873522.1968200001,0.7787440419197083,1.092367651634754,sitting
-873522.185779,0.9197993874549866,1.1263244772503715,sitting
-873522.178237,0.832766592502594,1.1514772103608304,sitting
-873522.171738,0.7899433970451355,1.1310898672664953,sitting
-873522.164371,0.8485012650489807,1.127969261210703,sitting
-873522.155064,0.7490105628967285,1.1158275316868411,sitting
-873522.146821,0.9108818769454956,1.122857269346234,sitting
-873522.13482,0.864370584487915,1.1052456680234042,sitting
-873522.1262470001,0.8609412312507629,1.1179986041463383,sitting
-873522.122513,0.8437116742134094,1.098481930647346,sitting
-873522.117483,0.8970630168914795,1.0830340439721629,sitting
-873522.10936,0.8831706643104553,1.0916315219701493,sitting
-873522.1014340001,0.8345796465873718,1.0896709296294955,sitting
-873522.092324,0.8632186055183411,1.071381184297056,sitting
-873522.0846160001,0.8932364583015442,1.0725192234722654,sitting
-873522.075143,0.8502836227416992,1.0601715362943458,sitting
-873522.066233,0.8798438906669617,1.0825763772805623,sitting
-873522.054293,0.9024097323417664,1.1047030545942547,sitting
-873522.044829,0.852380633354187,1.0514085468138665,sitting
-873522.03399,0.920627236366272,1.0638004897640547,sitting
-873522.024602,0.8458243608474731,1.0563394775798751,sitting
-873522.013583,0.8218618035316467,1.073282486260807,sitting
-873522.0019200001,0.8386350870132446,1.0380964191024469,sitting
-873521.992482,0.9515656232833862,1.0091368777646514,sitting
-873521.984969,0.8651949763298035,1.0404194578527086,sitting
-873521.97374,0.9252432584762573,1.030889538537671,sitting
-873521.965372,0.8972170352935791,1.0465006476798702,sitting
-873521.954121,0.8354432582855225,1.0396170878162616,sitting
-873521.942245,0.7038401961326599,1.0548347257332438,sitting
-873521.933753,0.8658035397529602,1.0176326800088047,sitting
-873521.9222190001,0.7178421020507812,1.0339522120598512,sitting
-873521.913541,0.881978452205658,1.061006011750247,sitting
-873521.905622,0.8765515685081482,1.0201618343130687,sitting
-873521.898686,0.79801344871521,1.003105285087985,sitting
-873521.893275,0.891974151134491,1.0176739857820039,sitting
-873521.885308,0.8244914412498474,1.0601808676816042,sitting
-873521.877204,0.8571983575820923,1.0813889071392722,sitting
-873521.869301,0.7472792267799377,1.0821240311356104,sitting
-873521.858566,0.8231673240661621,1.0383882004034923,sitting
-873521.848656,0.9063873887062073,1.0233880962460478,sitting
-873521.837394,0.7737878561019897,1.0487022764632377,sitting
-873521.829135,0.8932543992996216,1.0639375450327329,sitting
-873521.819964,0.8664302229881287,1.046651409642259,sitting
-873521.807773,0.8661854863166809,1.0882820918578644,sitting
-873521.799852,0.8558202981948853,1.0739051363580185,sitting
-873521.790519,0.8403049111366272,1.0806338335249288,sitting
-873521.7843620001,0.8699895739555359,1.0609601197864214,sitting
-873521.778638,0.9283841848373413,1.0526451983915184,sitting
-873521.771842,0.8422915935516357,1.0589535350151942,sitting
-873521.765361,0.9117475748062134,1.0686189441854816,sitting
-873521.75728,0.8710614442825317,1.018985068979295,sitting
-873521.74658,0.8453754186630249,1.0630217819641894,sitting
-873521.740274,0.882469892501831,1.0730570763020397,sitting
-873521.732012,0.9040706753730774,1.05936718696187,sitting
-873521.7231930001,0.885079562664032,1.0269394575436395,sitting
-873521.715343,0.8649262189865112,1.0538522907064487,sitting
-873521.7047540001,0.8926987648010254,1.069580240786589,sitting
-873521.694194,0.8710516095161438,1.0918164309501925,sitting
-873521.686263,0.8439305424690247,1.0600598372383363,sitting
-873521.67613,0.9191881418228149,1.067561225999286,sitting
-873521.6683830001,0.8437678813934326,1.084190363533414,sitting
-873521.659506,0.9100182056427002,1.0326761028634097,sitting
-873521.647579,0.8831445574760437,1.0469432167046775,sitting
-873521.638907,0.9167715907096863,1.070758269581619,sitting
-873521.626414,0.8838464021682739,1.0478631621770962,sitting
-873521.6172110001,0.8936424255371094,1.0895530075894024,sitting
-873521.60873,0.736466109752655,1.079954114787535,sitting
-873521.60042,0.29101411571568275,1.278574274367485,sitting
-873521.587879,0.2262255349961772,1.4139926721267968,sitting
-873521.576461,0.3625633597845157,1.192558296774341,sitting
-873521.568727,0.5204922611430476,1.2218880677955868,sitting
-873521.556901,0.31572801026686165,1.1054800387574666,sitting
-873521.548945,0.4393689930415781,1.1796122133750089,sitting
-873521.542782,0.4353059511719722,1.2838777761130573,sitting
-873521.537131,0.4379703788995752,1.152849760979977,sitting
-873521.529505,0.7484157300061342,0.768523896995152,sitting
-873521.51882,0.4630221049478566,0.972458238124458,sitting
-873521.502336,0.6,1.1268532793602741,sitting
-873521.487199,0.30462680905624184,1.3939096082980562,sitting
-873521.468458,0.28548087154305474,1.4170374533681467,sitting
-873521.455587,0.325408520002865,1.3030898783301286,sitting
-873521.4391450001,0.28286561819522427,1.0566869954802987,sitting
-873521.422424,0.7467143462838283,0.768610632013071,sitting
-873521.414664,0.3409282232629371,1.1809369530698635,sitting
-873521.403841,0.7454513907432556,1.0107474375507417,sitting
-873521.396464,0.7170642614364624,1.0246688214115576,sitting
-873521.3865210001,0.4709995432698741,1.2115844720397715,sitting
-873521.3728980001,0.5561508416618872,1.060603410466491,sitting
-873521.355701,0.6,1.1419030190086015,sitting
-873521.339413,0.704349160194397,1.1853914127599219,sitting
-873521.330114,0.8217242360115051,1.1679563936667323,sitting
-873521.321536,0.8672263026237488,1.0784000521822357,sitting
-873521.310945,0.8322235345840454,1.0865463309873262,sitting
-873521.302669,0.7369535565376282,1.0957313073165444,sitting
-873521.293483,0.9240249395370483,1.0951762403825547,sitting
-873521.283777,0.8581185340881348,1.1187373288275846,sitting
-873521.27431,0.7839639186859131,1.0967233822734896,sitting
-873521.265265,0.87797611951828,1.1117349878569955,sitting
-873521.25251,0.9159631133079529,1.1054481770189333,sitting
-873521.241012,0.9160579442977905,1.1089506465679282,sitting
-873521.229031,0.90671306848526,1.0811796144230978,sitting
-873521.216423,0.8922751545906067,1.0857322057024597,sitting
-873521.210019,0.9023435711860657,1.0817874577811182,sitting
-873521.202378,0.9672677516937256,1.074281960711743,sitting
-873521.19553,0.9252951145172119,1.0927802492506875,sitting
-873521.189031,0.9572904706001282,1.0870764533221604,sitting
-873521.18114,0.9638444185256958,1.0855717747660347,sitting
-873521.170132,0.9093074202537537,1.1106184998966917,sitting
-873521.162276,0.8641222715377808,1.1073933214515685,sitting
-873521.157326,0.9275708794593811,1.1256052164534802,sitting
-873521.148166,0.8575490117073059,1.142426983428515,sitting
-873521.136804,0.9718174338340759,1.1274871597969525,sitting
-873521.127431,0.8929942846298218,1.171634069481713,sitting
-873521.118143,0.8641932606697083,1.144309827387198,sitting
-873521.107186,0.9756730794906616,1.1242385663855154,sitting
-873521.097536,0.8413247466087341,1.119013842555686,sitting
-873521.08424,0.9205088019371033,1.1191090432222524,sitting
-873521.074212,0.8983226418495178,1.120261982392722,sitting
-873521.063194,0.9788106083869934,1.1142090294819496,sitting
-873521.054868,0.8568707704544067,1.1104957376083946,sitting
-873521.045157,0.8867302536964417,1.1139498056878847,sitting
-873521.033168,0.9951344132423401,1.1268716591221923,sitting
-873521.024286,0.8264827728271484,1.1334487092931642,sitting
-873521.015629,0.8452455401420593,1.121951090718707,sitting
-873521.003516,0.9062788486480713,1.1090652751808001,sitting
-873520.995552,0.8027166128158569,1.1117986489454905,sitting
-873520.9842460001,0.8858631253242493,1.0991107471986266,sitting
-873520.975427,0.8413968682289124,1.0978572172618941,sitting
-873520.967262,0.9512981176376343,1.0964565704025393,sitting
-873520.957546,0.8339655995368958,1.0806312511837275,sitting
-873520.950888,0.8258214592933655,1.0784476323722259,sitting
-873520.944628,0.871969997882843,1.091440646605804,sitting
-873520.9338690001,0.7336658835411072,1.1015353150395661,sitting
-873520.92695,0.8876969814300537,1.0990623613602004,sitting
-873520.920085,0.849978506565094,1.099718841356899,sitting
-873520.911069,0.8812450766563416,1.107799711502385,sitting
-873520.906016,0.8297286629676819,1.1008291126045666,sitting
-873520.90056,1.0,1.0747723940422973,sitting
-873520.8932780001,0.7845815420150757,1.1021698941975697,sitting
-873520.885426,0.9572480320930481,1.0839187880512484,sitting
-873520.877279,0.8607099652290344,1.0707192452590721,sitting
-873520.869334,0.8794464468955994,1.0894269524193607,sitting
-873520.858991,0.8468236923217773,1.0480895245547215,sitting
-873520.848537,0.9645339250564575,1.0761252404036652,sitting
-873520.842833,0.89687579870224,1.0907859343710933,sitting
-873520.832487,0.9357773661613464,1.0879386370213533,sitting
-873520.8253,0.8978540301322937,1.1007686272173598,sitting
-873520.819992,0.925085186958313,1.0617444032378822,sitting
-873520.812286,0.8602754473686218,1.0660618886303062,sitting
-873520.805452,0.3138756995656415,1.1092233425153246,sitting
-873520.797367,0.2920556397736503,1.1763178656021358,sitting
-873520.784645,0.3230466780246919,1.501482929875234,sitting
-873520.768343,0.2821342232556954,1.182016484271268,sitting
-873520.752591,0.7459757207727394,0.9186151560749685,sitting
-873520.738525,0.36994932859050017,1.1398890970904327,sitting
-873520.727467,0.290111943989797,1.0128465252317853,sitting
-873520.713555,0.7582608647868786,1.0031967970139193,sitting
-873520.704697,0.3743664222861085,1.1950099664517895,sitting
-873520.692869,0.7583371033904082,1.645328168539549,sitting
-873520.681297,0.3492519863307635,1.2209491472574276,sitting
-873520.669979,0.3107153344124342,1.0982840388513235,sitting
-873520.6582610001,0.2948819990816823,1.1783612176652691,sitting
-873520.646105,0.2117382249529748,1.1717377920461014,sitting
-873520.634064,0.22717775458983863,1.3760434797511674,sitting
-873520.627645,0.22880264652028456,1.2229139278334298,sitting
-873520.622555,0.30089205650987916,1.2467531761999568,sitting
-873520.617238,0.4275536559354923,1.1266693744042366,sitting
-873520.607538,0.7111355720453295,0.8118125317060656,sitting
-873520.601177,0.5937266918077228,1.0536223346761107,sitting
-873520.591779,0.7051224112510681,0.9781165325369208,sitting
-873520.585285,0.7305259108543396,1.0163106268409927,sitting
-873520.5773390001,0.6,1.3315848098831888,sitting
-873520.568619,0.6,1.3148543045363361,sitting
-873520.556502,0.5738868080306497,1.326245782439032,sitting
-873520.547577,0.49883341337555887,1.366144736496714,sitting
-873520.5369920001,0.45301684492207,1.416988320681829,sitting
-873520.524507,0.4700984625644843,1.4225316018758072,sitting
-873520.515854,0.4252966594981774,1.382850769156816,sitting
-873520.502626,0.4724316132917235,1.2726290070532902,sitting
-873520.486596,0.46220466782184366,1.388261070470164,sitting
-873520.474195,0.4887240721843126,1.3951582554402893,sitting
-873520.460118,0.6,1.1301143152979134,sitting
-873520.448469,0.5551084823830648,1.2038216972584643,sitting
-873520.434535,0.6,1.1867700240845682,sitting
-873520.420698,0.6,1.1429359519916567,sitting
-873520.405162,0.99,1.1045192613190347,sitting
-873520.391511,0.88025963306427,1.1112272583942127,sitting
-873520.3818120001,1.0,1.1333160356541327,sitting
-873520.370335,0.9059321880340576,1.118445977716549,sitting
-873520.362696,0.9334273338317871,1.1330226894792776,sitting
-873520.352701,0.8949421048164368,1.1391868352815124,sitting
-873520.34526,0.9171558618545532,1.1362200924612909,sitting
-873520.335422,0.9719528555870056,1.132960910109774,sitting
-873520.326004,0.9622634649276733,1.1507224961966642,sitting
-873520.318896,0.9208395481109619,1.1454415844454742,sitting
-873520.312101,0.9295594096183777,1.1708872006081563,sitting
-873520.300301,0.903580904006958,1.1737820779004875,sitting
-873520.2913340001,0.9591104984283447,1.1811725480546467,sitting
-873520.282325,0.9586324095726013,1.1835987890058233,sitting
-873520.271188,0.9767688512802124,1.132473089509809,sitting
-873520.263453,0.8497415781021118,1.1440178570880355,sitting
-873520.257846,0.9122346639633179,1.1515204494429008,sitting
-873520.24697,0.8703923225402832,1.1430620478415392,sitting
-873520.239258,0.8891369700431824,1.1392391476014803,sitting
-873520.232999,0.9043321013450623,1.1308760673299014,sitting
-873520.225349,0.9377618432044983,1.1367948375409203,sitting
-873520.219133,0.9894055724143982,1.1297689184701736,sitting
-873520.213397,0.8844372034072876,1.1090612118173588,sitting
-873520.205421,0.9395314455032349,1.121785430721113,sitting
-873520.197284,0.9401000142097473,1.114836318018448,sitting
-873520.189394,0.8689217567443848,1.117307707432655,sitting
-873520.18141,0.8489233255386353,1.1131397360993045,sitting
-873520.17294,0.8974489569664001,1.1177685942738256,sitting
-873520.1639020001,0.9476615190505981,1.1037128194078463,sitting
-873520.155443,0.9732608795166016,1.100701730991517,sitting
-873520.145699,0.907042920589447,1.1306209363086772,sitting
-873520.138201,0.8923221826553345,1.1473047547158886,sitting
-873520.1312310001,0.7643628120422363,1.1653190410140937,sitting
-873520.125027,0.831247091293335,1.1528699896166539,sitting
-873520.117427,0.929042398929596,1.1271061184211915,sitting
-873520.1084670001,0.9228094816207886,1.112016391966911,sitting
-873520.101392,0.8647200465202332,1.0806824263396666,sitting
-873520.093211,0.8918071389198303,1.0804715882110356,sitting
-873520.085377,1.0,1.0775150139595961,sitting
-873520.077314,0.8475174903869629,1.088987220022347,sitting
-873520.06941,0.8292590379714966,1.0820972722565236,sitting
-873520.061504,0.9060463309288025,1.0927307432330062,sitting
-873520.0532900001,0.910235583782196,1.0975668927625222,sitting
-873520.044922,0.8582452535629272,1.0932448054400075,sitting
-873520.033985,0.9669085741043091,1.0869473317189113,sitting
-873520.024446,0.9530184268951416,1.078968134518441,sitting
-873520.010024,0.8981989622116089,1.0825988614878561,sitting
-873519.998673,0.9236548542976379,1.1045281520610644,sitting
-873519.991099,0.8243314027786255,1.1019883942855926,sitting
-873519.981996,0.905056357383728,1.1052845413223156,sitting
-873519.971485,0.8994689583778381,1.0779909863331314,sitting
-873519.962135,0.8322053551673889,1.0864112272504842,sitting
-873519.9539750001,1.0,1.1030344203984854,sitting
-873519.942735,0.8769246935844421,1.0994880271248166,sitting
-873519.93428,0.9499500393867493,1.1116138822932777,sitting
-873519.9239780001,0.9502057433128357,1.0933682523427293,sitting
-873519.917325,0.998873233795166,1.072310744220828,sitting
-873519.906724,0.8569908738136292,1.1219887713363494,sitting
-873519.900424,0.8229379653930664,1.1858433823673002,sitting
-873519.893453,0.775549054145813,1.1280920912536976,sitting
-873519.885396,0.9396612644195557,1.089409828133007,sitting
-873519.877308,0.8591538071632385,1.0881933188185644,sitting
-873519.869344,0.9466291666030884,1.0691049353181379,sitting
-873519.861358,0.9513722062110901,1.1050820698423416,sitting
-873519.852461,0.9366040229797363,1.093776135311738,sitting
-873519.844437,0.9397670030593872,1.0871950535061465,sitting
-873519.833644,0.8071561455726624,1.0920175837452026,sitting
-873519.825268,0.9138545393943787,1.1127173786648434,sitting
-873519.81398,0.8649004697799683,1.0982135837363467,sitting
-873519.805845,1.0,1.1041566868898074,sitting
-873519.797898,0.8969854116439819,1.1030534130675163,sitting
-873519.787016,0.9211989045143127,1.1048732615021901,sitting
-873519.780267,0.814866840839386,1.1174670884741325,sitting
-873519.76907,0.8796820044517517,1.1266329303971907,sitting
-873519.760593,0.8577694892883301,1.1189409229183065,sitting
-873519.749155,0.8548271059989929,1.127163244510193,sitting
-873519.740918,0.9150506258010864,1.1619724592657397,sitting
-873519.732624,0.9184598326683044,1.1502950313911358,sitting
-873519.721653,0.8830212950706482,1.1563060654304858,sitting
-873519.713167,0.9080824255943298,1.1515490275151374,sitting
-873519.701211,0.9516344666481018,1.1599156135434012,sitting
-873519.6933180001,0.9424585700035095,1.145439754476774,sitting
-873519.685447,0.9172536730766296,1.123515283475097,sitting
-873519.677147,0.9162020683288574,1.1721668457030434,sitting
-873519.666083,0.9189895987510681,1.123979462078999,sitting
-873519.653845,0.9081135392189026,1.1275647051903266,sitting
-873519.646778,0.9793062806129456,1.1638841679609926,sitting
-873519.641034,0.9950740337371826,1.1345220435386763,sitting
-873519.632451,0.8739793300628662,1.1466363409654838,sitting
-873519.62551,0.8914231061935425,1.1628592920910275,sitting
-873519.617305,0.9231091737747192,1.1530471521171135,sitting
-873519.606565,0.8726295828819275,1.1548078985627033,sitting
-873519.5982540001,0.9416545033454895,1.1651232165928715,sitting
-873519.591751,0.9017130136489868,1.146989518096937,sitting
-873519.580342,1.0,1.1741919449723417,sitting
-873519.570758,0.8650597929954529,1.1409407462795476,sitting
-873519.558755,0.7898825407028198,1.1559805430672387,sitting
-873519.551062,0.8375283479690552,1.1695527711275489,sitting
-873519.540059,0.9971534013748169,1.1477315306328024,sitting
-873519.532423,1.0,1.1397620153503771,sitting
-873519.523856,1.0,1.1376747852600393,sitting
-873519.514035,0.8474606871604919,1.169729951393303,sitting
-873519.506558,0.8506650328636169,1.1443128915647751,sitting
-873519.4938780001,0.909151017665863,1.1458697727157383,sitting
-873519.483855,0.8515729904174805,1.1441988574286945,sitting
-873519.472476,0.9632169604301453,1.1855771293532866,sitting
-873519.4651200001,1.0,1.1527077539634867,sitting
-873519.45707,0.893619179725647,1.1842426829057762,sitting
-873519.445522,0.8498618602752686,1.1854425797090742,sitting
-873519.4365450001,0.8798792958259583,1.16710548788669,sitting
-873519.422905,0.872380256652832,1.1699414457929693,sitting
-873519.414633,0.9525774121284485,1.1560635789233977,sitting
-873519.407755,0.8572047352790833,1.1401718613558414,sitting
-873519.399342,0.9291505217552185,1.1536580052813181,sitting
-873519.3902360001,0.7788863778114319,1.163378088591248,sitting
-873519.382174,1.0,1.1374864257673298,sitting
-873519.37622,0.8786502480506897,1.1586409835112996,sitting
-873519.367873,0.961361825466156,1.152312199319176,sitting
-873519.355955,0.8826691508293152,1.147307412466013,sitting
-873519.347661,0.9022807478904724,1.1607496186123494,sitting
-873519.3363750001,1.0,1.1735477399812546,sitting
-873519.329159,0.8814733624458313,1.154424515798536,sitting
-873519.321689,0.8639493584632874,1.1710456677581451,sitting
-873519.310731,0.8756464719772339,1.1457908921255404,sitting
-873519.305737,0.8521365523338318,1.1514682827770946,sitting
-873519.300106,0.8460052013397217,1.160482095901981,sitting
-873519.293204,0.9677265882492065,1.1779456952512066,sitting
-873519.284763,0.9121195673942566,1.1790460286963986,sitting
-873519.273786,0.9812308549880981,1.1541966279820683,sitting
-873519.2652980001,0.8166931867599487,1.1712739810237198,sitting
-873519.258993,1.0,1.1494479560516635,sitting
-873519.252691,0.9179674983024597,1.1555232482053461,sitting
-873519.245001,0.9012183547019958,1.1598225379010412,sitting
-873519.237224,0.9420320391654968,1.165238486040403,sitting
-873519.225729,0.8989481329917908,1.1673049528243427,sitting
-873519.217049,0.7976770401000977,1.1629436052267605,sitting
-873519.206544,0.9052146077156067,1.137101857679982,sitting
-873519.196949,0.4392943546066166,1.1283174033278378,sitting
-873519.182187,0.21894564120178447,1.289854903625418,sitting
-873519.171138,0.3301001007325507,1.2711200420505064,sitting
-873519.1544390001,0.4577225894182865,1.3795537283588408,sitting
-873519.140758,0.4681907375283617,1.0880708280099216,sitting
-873519.122597,0.43891907522949897,1.3211155918624895,sitting
-873519.1098880001,0.39167530359749475,1.2246810828017507,sitting
-873519.096966,0.7578802649941944,0.7929403615853259,sitting
-873519.0817880001,0.2630554745470402,1.1572922332797062,sitting
-873519.064507,0.3067085246465045,1.1938881286799252,sitting
-873519.043984,0.41420722060590487,1.2475168193923158,sitting
-873519.026832,0.7422311902046204,1.1370665203746086,sitting
-873519.017352,0.754372775554657,1.1644360098938513,sitting
-873519.009761,0.7436299920082092,1.2526030697179893,sitting
-873518.998031,0.38793866217558565,1.173824326792082,sitting
-873518.98471,0.41749349764309285,1.1213934467779203,sitting
-873518.968662,0.3667904498136243,1.250487596728206,sitting
-873518.955,0.3268211290243594,1.355912136492738,sitting
-873518.940339,0.3803880547539223,1.2635966618532692,sitting
-873518.9290690001,0.4370700530502953,1.1644575907688477,sitting
-873518.9131390001,0.3619177438893104,1.362005617115078,sitting
-873518.899121,0.5023307565850094,1.1596659579309887,sitting
-873518.884112,0.3102058572688608,1.3849387577535701,sitting
-873518.864281,0.3234625509436669,1.3825684492756962,sitting
-873518.846015,0.3354613961048408,1.4695089864268711,sitting
-873518.826673,0.3675848963443358,1.2706400885353446,sitting
-873518.813949,0.3173992122679897,1.2833380422090652,sitting
-873518.7985,0.40928095796395086,1.275721624275958,sitting
-873518.783911,0.39851934201453093,1.2960971702337476,sitting
-873518.7677440001,0.39320021551024176,1.235227623167964,sitting
-873518.7576220001,0.38880445604527725,1.272338656065072,sitting
-873518.740761,0.405993617270492,1.208980314932413,sitting
-873518.729317,0.3093907340617309,1.3879651175292267,sitting
-873518.7163430001,0.43636513371706875,1.2439838777855212,sitting
-873518.705884,0.39492734584998634,1.209426921036858,sitting
-873518.694171,0.99,1.2271861025183246,sitting
-873518.6824930001,0.9079501628875732,1.2151900685443193,sitting
-873518.675238,0.9001784920692444,1.2213856256205564,sitting
-873518.669693,0.8929675817489624,1.249431056606797,sitting
-873518.660958,0.9195199608802795,1.2104657441000066,sitting
-873518.654468,0.9115169644355774,1.218135826270077,sitting
-873518.646388,0.8000180721282959,1.2380133563436178,sitting
-873518.638553,0.7999663352966309,1.2407697315000008,sitting
-873518.632154,0.9330047965049744,1.2091152786924115,sitting
-873518.620477,0.9182013869285583,1.2336071141246356,sitting
-873518.6104540001,0.9586384296417236,1.216245988831853,sitting
-873518.602129,0.8710256814956665,1.205648329699189,sitting
-873518.59106,0.940381646156311,1.210278483093925,sitting
-873518.583758,0.9443510174751282,1.239277097545616,sitting
-873518.576386,0.9856224656105042,1.173492258845144,sitting
-873518.5644660001,0.773037850856781,1.1933900784724116,sitting
-873518.554459,0.9024725556373596,1.1929912823008424,sitting
-873518.543224,0.8973110318183899,1.1651872577340958,sitting
-873518.535484,0.835590124130249,1.1958575748388744,sitting
-873518.52506,0.8528113961219788,1.1992460866605326,sitting
-873518.515852,1.0,1.1954984934812032,sitting
-873518.507774,0.9171042442321777,1.1785564252542455,sitting
-873518.500193,0.9010069370269775,1.1918871870708978,sitting
-873518.491365,0.887345016002655,1.199274341699046,sitting
-873518.484657,0.9248371124267578,1.1711469643637482,sitting
-873518.479425,0.9821742177009583,1.1753394852386867,sitting
-873518.47241,0.9651215076446533,1.1974581032407583,sitting
-873518.465322,0.8867322206497192,1.180940148774511,sitting
-873518.457418,0.9659692049026489,1.1783727669930544,sitting
-873518.449361,0.9327263236045837,1.1918082061203301,sitting
-873518.4387930001,0.8395068049430847,1.1766218992326767,sitting
-873518.429324,0.9087450504302979,1.177561114597312,sitting
-873518.421375,0.9431042075157166,1.1895483642866465,sitting
-873518.41334,0.9308676719665527,1.1957415880523152,sitting
-873518.405481,1.0,1.1764061972631192,sitting
-873518.397358,0.9178889393806458,1.1915224278175094,sitting
-873518.3894100001,0.866711437702179,1.1711089761116606,sitting
-873518.381316,0.9566503763198853,1.1612830394755616,sitting
-873518.373455,0.8839945793151855,1.1659114481128028,sitting
-873518.365447,0.8409364223480225,1.194082789706644,sitting
-873518.3572440001,0.9171560406684875,1.222535366447183,sitting
-873518.349381,0.841101884841919,1.2668893853441219,sitting
-873518.341301,0.8301262855529785,1.2458697958650609,sitting
-873518.333397,0.7265157699584961,1.326341053143147,sitting
-873518.3244340001,0.3547325942169051,1.299589063338848,sitting
-873518.315751,0.9011817574501038,1.230657983300722,sitting
-873518.309335,0.9663597941398621,1.2093349906874264,sitting
-873518.3012260001,0.8333694338798523,1.2174645008291738,sitting
-873518.293279,0.8719379901885986,1.203019498232428,sitting
-873518.285357,1.0,1.1750401101585224,sitting
-873518.277172,0.9330075979232788,1.17691116505969,sitting
-873518.266334,0.7778003215789795,1.1900587231596242,sitting
-873518.259648,0.8232868313789368,1.1811554881072523,sitting
-873518.252808,0.9253518581390381,1.186221541835867,sitting
-873518.23941,0.8787024021148682,1.1948777655764782,sitting
-873518.23374,0.9903165698051453,1.1838668148938725,sitting
-873518.225753,0.8993327021598816,1.1974679976654432,sitting
-873518.217433,0.9100878834724426,1.2007442881906467,sitting
-873518.2109460001,0.8883134126663208,1.1828989732418305,sitting
-873518.203895,0.9271785020828247,1.1969233281087637,sitting
-873518.1925080001,0.8931693434715271,1.189844491706057,sitting
-873518.1839770001,1.0,1.1914321205465557,sitting
-873518.173797,0.9628321528434753,1.18716006043717,sitting
-873518.164665,0.9189806580543518,1.1948060130453753,sitting
-873518.157209,1.0,1.1886053512437598,sitting
-873518.148733,0.9511640071868896,1.198010215955105,sitting
-873518.136275,0.9177467226982117,1.1831390511534123,sitting
-873518.125675,0.8286607265472412,1.2005677764580809,sitting
-873518.120624,1.0,1.1891924225440844,sitting
-873518.115492,0.8085898756980896,1.1851227068109988,sitting
-873518.10725,0.8668152689933777,1.2047684731457635,sitting
-873518.101431,0.8815361261367798,1.1977818329522996,sitting
-873518.09334,0.9446142911911011,1.1738235033412296,sitting
-873518.085286,0.8839350342750549,1.1898692474865085,sitting
-873518.077398,0.8648103475570679,1.174986502232958,sitting
-873518.0693120001,0.8353680372238159,1.195693141736062,sitting
-873518.0604290001,0.8328285217285156,1.194154988975158,sitting
-873518.0479530001,0.8542590141296387,1.202540902365906,sitting
-873518.038497,0.952279806137085,1.2057496584776906,sitting
-873518.026306,0.941455066204071,1.1841954805149304,sitting
-873518.017477,0.8605942130088806,1.1836044928888354,sitting
-873518.005322,0.9008904695510864,1.185248511728087,sitting
-873517.996603,0.8597344756126404,1.1927788991441974,sitting
-873517.989328,0.9554730653762817,1.1897854590973775,sitting
-873517.979324,0.9781220555305481,1.1878394314485052,sitting
-873517.973275,0.8906915783882141,1.276452779713845,sitting
-873517.9611760001,0.8452460765838623,1.3098570994367766,sitting
-873517.950133,0.9726917743682861,1.2939656534322763,sitting
-873517.937923,0.9153976440429688,1.2446944147074808,sitting
-873517.927697,0.9329211115837097,1.1814456931629298,sitting
-873517.9153400001,0.8867897391319275,1.18785222248794,sitting
-873517.905722,1.0,1.1856122506119182,sitting
-873517.8988750001,0.9182543754577637,1.1716791322114601,sitting
-873517.889877,0.9642062187194824,1.171313617789377,sitting
-873517.881948,0.7935635447502136,1.18792508960839,sitting
-873517.8733110001,0.9623717069625854,1.2015368949608756,sitting
-873517.863183,0.7854875326156616,1.187610977932219,sitting
-873517.855835,0.9620725512504578,1.1892321902163712,sitting
-873517.849398,0.8356713652610779,1.177384089827235,sitting
-873517.841216,0.9933519959449768,1.1493480864208445,sitting
-873517.832051,0.9043395519256592,1.1609831742559873,sitting
-873517.823695,0.7348026633262634,1.1539383482381402,sitting
-873517.815395,0.8159148693084717,1.1667663166415205,sitting
-873517.803756,0.8904115557670593,1.1820710476159824,sitting
-873517.7934280001,0.9040163159370422,1.1551485732461004,sitting
-873517.785583,0.8316222429275513,1.1705434947779851,sitting
-873517.776472,0.8182353377342224,1.1998631788863872,sitting
-873517.764748,0.7713385224342346,1.2043848544388776,sitting
-873517.758089,0.8161512017250061,1.2072580249296427,sitting
-873517.7499470001,0.8637478947639465,1.1859629584175009,sitting
-873517.741659,0.837788999080658,1.1975162234179564,sitting
-873517.73281,0.2604529731286081,1.3967842004189093,sitting
-873517.7214950001,0.16221789545456,1.5229267037550107,sitting
-873517.713313,0.43779537433086113,1.2371634148179909,sitting
-873517.702332,0.35247477926741516,1.427601867112298,sitting
-873517.685208,0.4261676410804932,1.2383609116895689,sitting
-873517.668498,0.8217903842833428,0.7650270167381814,sitting
-873517.658152,0.23377887764210567,1.5228501747480871,sitting
-873517.649566,0.2546500256846473,1.326653045364337,sitting
-873517.639213,0.800825768321101,0.9320805081358832,sitting
-873517.633434,0.40544269965973634,1.3334670415484124,sitting
-873517.62305,0.3905907613969648,1.3493011696156505,sitting
-873517.6131600001,0.3305718812538619,1.2125858261181572,sitting
-873517.604245,0.306308101833516,1.1748624404411552,sitting
-873517.595937,0.3378156967285319,1.231510342869666,sitting
-873517.589262,0.7474646743466179,0.9642618665001579,sitting
-873517.582138,0.40048340175798885,1.072818565745652,sitting
-873517.570534,0.37451074175348853,1.2546354510023865,sitting
-873517.555424,0.3606225910094066,1.2478635540135006,sitting
-873517.541102,0.9325538277626038,1.352665229479448,sitting
-873517.528606,0.7403436899185181,1.3349688757971783,sitting
-873517.516873,0.836247980594635,1.246042633515744,sitting
-873517.507818,0.24998565057804453,1.4807965222673625,sitting
-873517.492476,0.44946079749249923,1.1711826269327608,sitting
-873517.471439,0.3384383861879818,1.2028859509503254,sitting
-873517.461272,0.42093544524165416,1.117910594865045,sitting
-873517.453095,0.3780085154275612,1.274735502315734,sitting
-873517.444217,0.36283967765970443,1.0547036628587705,sitting
-873517.431437,0.44777983728387694,1.1696859837990479,sitting
-873517.41551,0.47834027568506615,1.2193130833321044,sitting
-873517.403054,0.5230306465655069,1.2212185159151119,sitting
-873517.393624,0.37612780701274096,1.1153197968234254,sitting
-873517.387571,0.9127649503180361,1.130345485320643,sitting
-873517.380904,0.2669264268390934,1.2009329043012058,sitting
-873517.3712020001,0.34219316852262666,1.5215968079868514,sitting
-873517.354119,0.33593737153388015,1.4961600019892258,sitting
-873517.343118,0.4599223363915095,1.2185491425970012,sitting
-873517.328342,0.2738331833814603,1.3876423912342206,sitting
-873517.317287,0.7069094653625302,0.8992159022175126,sitting
-873517.307072,0.3688902192824252,1.1729959415386935,sitting
-873517.297886,0.7715463638305664,1.0712393270418947,sitting
-873517.289983,0.45067316428875825,1.2107967105718425,sitting
-873517.280162,0.46344419293834677,1.11661818031611,sitting
-873517.2732320001,0.8689224720001221,1.2382341954605165,sitting
-873517.268723,0.7207418084144592,1.3334326147688826,sitting
-873517.2614450001,0.7104861736297607,1.3614967957022452,sitting
-873517.253313,0.3611941630511702,1.2882566756630633,sitting
-873517.2414010001,0.7580239772796631,1.4729868416799712,sitting
-873517.233183,0.2736726021259754,1.330719985515275,sitting
-873517.222167,0.28836518352869495,1.3212057409781726,sitting
-873517.209877,0.30959600135380066,1.3767232655992943,sitting
-873517.199289,0.2572222549007149,1.3727070252898121,sitting
-873517.187076,0.2576605525657051,1.3704369689777685,sitting
-873517.178617,0.2471344392602511,1.3717562050121783,sitting
-873517.172027,0.28655704948270017,1.3804388689337266,sitting
-873517.164898,0.31043924350932167,1.3650259980520465,sitting
-873517.157278,0.272229816135766,1.391165753378234,sitting
-873517.149418,0.26409751410684484,1.33670342177777,sitting
-873517.140591,0.27303821608933504,1.397658722413952,sitting
-873517.133491,0.4098483843473327,1.1102218334751632,sitting
-873517.125287,0.38557551053964034,1.0749575861133112,sitting
-873517.117063,0.2430480127981911,1.4641969367629302,sitting
-873517.104746,0.2852010877897117,1.337218370390198,sitting
-873517.095806,0.2607390146321618,1.3547590247487458,sitting
-873517.087243,0.3935193411561168,1.0878869742854862,sitting
-873517.0784090001,0.26991304789747117,1.297934196876807,sitting
-873517.06872,0.28153683828824594,1.4045234398399695,sitting
-873517.055564,0.27499436658955756,1.2834353918837489,sitting
-873517.044451,0.3773302118255968,1.099753193277626,sitting
-873517.033565,0.27598371672054306,1.3834433504857238,sitting
-873517.025018,0.3977673421997791,1.1110269313604704,sitting
-873517.0149920001,0.399127788573366,1.1071891258493274,sitting
-873517.003909,0.2516420094761793,1.4035878747515258,sitting
-873516.992373,0.2826364053299452,1.3506185214068607,sitting
-873516.9820300001,0.2667750769351735,1.4305976774631008,sitting
-873516.972706,0.99,1.2328141413580234,sitting
-873516.959803,0.9306689500808716,1.2210925733630082,sitting
-873516.950185,0.9675487875938416,1.227503078023192,sitting
-873516.939753,0.8824661374092102,1.2491295881021065,sitting
-873516.931077,0.8887953162193298,1.231135560146852,sitting
-873516.922066,0.9477444291114807,1.1935004370668514,sitting
-873516.914199,0.9261979460716248,1.2038901992254512,sitting
-873516.903964,0.9346916079521179,1.2596155510133515,sitting
-873516.896087,0.8986508250236511,1.2163857572211039,sitting
-873516.884224,0.9215007424354553,1.1976985787607997,sitting
-873516.876353,0.9355556964874268,1.1959699735806102,sitting
-873516.865373,0.973059892654419,1.17644795181171,sitting
-873516.857303,0.9073596000671387,1.2089243279102382,sitting
-873516.847175,0.8874425292015076,1.1839501126612122,sitting
-873516.838257,0.9285328388214111,1.1788645436585559,sitting
-873516.828786,0.8990060091018677,1.192151089731384,sitting
-873516.817808,0.9231898188591003,1.2075015025203784,sitting
-873516.812683,0.8945713043212891,1.2007546297410228,sitting
-873516.806189,0.9323668479919434,1.203606742199883,sitting
-873516.798112,0.9562616944313049,1.1556439185005272,sitting
-873516.792703,0.8485599756240845,1.1365150577532566,sitting
-873516.785307,0.903935968875885,1.142819718976908,sitting
-873516.777164,0.8983322381973267,1.146896509820421,sitting
-873516.767511,0.871866762638092,1.1445490820490423,sitting
-873516.75645,0.8121916651725769,1.141649545036592,sitting
-873516.7469970001,0.9268713593482971,1.1425601034748691,sitting
-873516.734606,0.9040200710296631,1.1368988957325015,sitting
-873516.7260200001,0.8825763463973999,1.147798687961532,sitting
-873516.716274,0.8784269094467163,1.1299437797203598,sitting
-873516.70495,0.9677940607070923,1.144511115096762,sitting
-873516.696747,0.7655905485153198,1.1400952224765195,sitting
-873516.6891900001,0.8545718193054199,1.140094962376407,sitting
-873516.681308,0.9289152026176453,1.1347392536681267,sitting
-873516.673231,0.85633385181427,1.149218097581195,sitting
-873516.66351,0.9979521036148071,1.1454050196661374,sitting
-873516.654201,0.8958584070205688,1.147524079946415,sitting
-873516.642229,0.8958561420440674,1.1468878495973382,sitting
-873516.632122,0.9147496223449707,1.22112706345938,sitting
-873516.61938,0.7605503797531128,1.307322378267353,sitting
-873516.610856,0.3729010276941616,1.2960873760734821,sitting
-873516.59441,0.39831400534110395,1.2903655141018255,sitting
-873516.578676,0.4031061569729265,1.3856934696945804,sitting
-873516.562306,0.48103974633771757,1.3511727419803528,sitting
-873516.545074,0.43228082974008114,1.3630879569304288,sitting
-873516.5312890001,0.46606233098823235,1.2990745347783026,sitting
-873516.515044,0.4406853634562819,1.3912099073361843,sitting
-873516.498463,0.38174080944777317,1.383786202980151,sitting
-873516.483792,0.3968544737368699,1.338700042112296,sitting
-873516.464161,0.37090207880682996,1.3742300824414002,sitting
-873516.455147,0.3537308291744843,1.4339313156047826,sitting
-873516.444611,0.99,1.1644494280891098,sitting
-873516.43701,0.8592312932014465,1.1581011294718162,sitting
-873516.42818,0.9044683575630188,1.149798657070976,sitting
-873516.418227,0.9594507217407227,1.1544027869414966,sitting
-873516.406586,0.9336631894111633,1.1692550011285916,sitting
-873516.398097,0.96793532371521,1.1598494850232797,sitting
-873516.388988,0.9152349233627319,1.1438993738182335,sitting
-873516.38014,0.9461723566055298,1.1656092850510356,sitting
-873516.371995,0.9286129474639893,1.1577020714149602,sitting
-873516.3647660001,0.836540937423706,1.160667455504798,sitting
-873516.3524580001,0.8969810605049133,1.170550372826797,sitting
-873516.339373,0.8583349585533142,1.1530268253923386,sitting
-873516.3319410001,0.9612211585044861,1.1588719681486799,sitting
-873516.32125,0.8425644040107727,1.1455482085329556,sitting
-873516.3115600001,0.9216393828392029,1.163164255074241,sitting
-873516.302277,0.9315083026885986,1.1600253121491297,sitting
-873516.2927870001,0.7445398569107056,1.1762477405230602,sitting
-873516.285443,0.901111900806427,1.143530905325199,sitting
-873516.277035,0.9272648096084595,1.1669382208558812,sitting
-873516.267817,0.8638910055160522,1.181621113102902,sitting
-873516.259108,0.918084442615509,1.1331092537302583,sitting
-873516.251392,0.8865278959274292,1.152099599128999,sitting
-873516.239358,0.9174901843070984,1.146975737899401,sitting
-873516.231562,0.9597880840301514,1.1495740994219905,sitting
-873516.224482,0.9098822474479675,1.1745845035530849,sitting
-873516.219701,0.8781424164772034,1.1610306656428837,sitting
-873516.213252,0.9330220818519592,1.1546877820782897,sitting
-873516.2054580001,0.9116764068603516,1.153731152555605,sitting
-873516.197351,0.9362923502922058,1.1536640915974754,sitting
-873516.189278,0.8962883949279785,1.1516598108353726,sitting
-873516.18096,0.8204168677330017,1.1599702426342828,sitting
-873516.173539,0.8623562455177307,1.154977543245232,sitting
-873516.165215,0.9089217782020569,1.1624115596487314,sitting
-873516.155935,0.9338619112968445,1.1694262848896733,sitting
-873516.144536,0.8692669868469238,1.1532584834822646,sitting
-873516.137938,0.8941226005554199,1.1556703309236762,sitting
-873516.129192,0.9365163445472717,1.1596000490814258,sitting
-873516.121169,0.8756046891212463,1.1630364454085638,sitting
-873516.109427,0.8751544952392578,1.1379255199726952,sitting
-873516.10117,0.7876201868057251,1.1543474839317454,sitting
-873516.089213,0.9220249652862549,1.1491765679616237,sitting
-873516.077945,0.8599146604537964,1.16317625339747,sitting
-873516.0680130001,0.8540118932723999,1.1628150317673458,sitting
-873516.055669,0.8199764490127563,1.1604678025627115,sitting
-873516.045927,0.8456214666366577,1.163685896068266,sitting
-873516.036927,0.8382498621940613,1.1463471255306699,sitting
-873516.024404,0.6,1.1760215874447608,sitting
-873516.010897,0.5312279309215096,1.162736492377793,sitting
-873515.992108,0.3981865351318032,1.411968318523117,sitting
-873515.97841,0.99,1.1585685712731362,sitting
-873515.964643,0.9565557837486267,1.1599854570107282,sitting
-873515.952471,0.9739480018615723,1.164767583336534,sitting
-873515.942031,0.9431414008140564,1.2016814681552512,sitting
-873515.934428,0.9102656245231628,1.1879709715814597,sitting
-873515.923314,0.9315459132194519,1.1997790420624757,sitting
-873515.914757,0.8489016890525818,1.1913491019748657,sitting
-873515.903453,0.8658019304275513,1.1688558880650994,sitting
-873515.894695,0.9309530258178711,1.1724424437696164,sitting
-873515.885564,0.9079002737998962,1.1928430085611454,sitting
-873515.87253,0.9860351085662842,1.189576342616676,sitting
-873515.864359,0.8639243245124817,1.179876598103558,sitting
-873515.85526,0.949405312538147,1.202550353435651,sitting
-873515.845727,0.9577377438545227,1.1645044568871015,sitting
-873515.835437,0.8163823485374451,1.165035829074661,sitting
-873515.827149,0.8639768958091736,1.1930114126871323,sitting
-873515.817033,0.9752240777015686,1.1867708137159063,sitting
-873515.806219,0.8552305698394775,1.218871727168918,sitting
-873515.798697,0.9727462530136108,1.1558546773185885,sitting
-873515.791436,0.9703835248947144,1.2001075074140832,sitting
-873515.78535,0.9361214637756348,1.1756398258757734,sitting
-873515.777279,0.9875403642654419,1.18903688110744,sitting
-873515.769446,0.9549013376235962,1.1973629672764838,sitting
-873515.760719,0.9447749257087708,1.173242550019614,sitting
-873515.753331,0.911556601524353,1.188537833318899,sitting
-873515.745305,0.9312692284584045,1.1901348982232531,sitting
-873515.73734,1.0,1.1997176032370493,sitting
-873515.729382,0.9211411476135254,1.152282439824352,sitting
-873515.721249,0.8524925708770752,1.1479012284076067,sitting
-873515.711325,0.8147470951080322,1.1414116411293724,sitting
-873515.703022,0.8939863443374634,1.1463428140203447,sitting
-873515.691753,0.980177104473114,1.1674684586526118,sitting
-873515.68278,0.9919180274009705,1.1802971893572645,sitting
-873515.6707360001,0.9357568621635437,1.1798343897085926,sitting
-873515.65722,0.9056898951530457,1.1962615820100253,sitting
-873515.648927,1.0,1.1870249920878106,sitting
-873515.638322,0.9226534962654114,1.1711953018598473,sitting
-873515.628995,1.0,1.1915139192053492,sitting
-873515.615655,1.0,1.155557985616043,sitting
-873515.60598,0.8556565642356873,1.1516738321478797,sitting
-873515.594394,0.3209716533098764,1.294610841780866,sitting
-873515.576432,0.99,1.1372619032577163,sitting
-873515.56563,1.0,1.1521234009823615,sitting
-873515.554705,0.927225649356842,1.1410559392619986,sitting
-873515.545082,0.9175209999084473,1.154071859734378,sitting
-873515.53633,0.8896933794021606,1.1465262729457355,sitting
-873515.523995,0.9073540568351746,1.141695615801129,sitting
-873515.510347,0.9551753997802734,1.153017788819136,sitting
-873515.504603,0.9613143801689148,1.132492614882195,sitting
-873515.4966610001,0.891730785369873,1.1471215316174743,sitting
-873515.490701,0.9216548800468445,1.1567601063380155,sitting
-873515.484127,0.9698574542999268,1.1507342347153142,sitting
-873515.473735,0.9299505949020386,1.1629978007176165,sitting
-873515.464909,0.8820547461509705,1.1430578460442424,sitting
-873515.456002,1.0,1.1516316248605025,sitting
-873515.44645,0.9304295182228088,1.1583170806775454,sitting
-873515.4367,1.0,1.1425396257684475,sitting
-873515.429112,0.993485152721405,1.1557804379478798,sitting
-873515.4212560001,0.9938184022903442,1.1536432237353886,sitting
-873515.413327,0.9411174058914185,1.1685837178457072,sitting
-873515.404062,1.0,1.1580130835918157,sitting
-873515.397394,0.9449742436408997,1.1329339204229654,sitting
-873515.389251,1.0,1.1540625749266415,sitting
-873515.379196,0.9378401041030884,1.154600607143335,sitting
-873515.371667,0.876377284526825,1.1535013689775164,sitting
-873515.365345,0.8526556491851807,1.1568359666061938,sitting
-873515.356589,0.9392755031585693,1.1535810200729522,sitting
-873515.349306,1.0,1.1415803727150813,sitting
-873515.340299,0.3580748025828592,1.330701103645041,sitting
-873515.3290350001,0.25335694713699575,1.3545286949077084,sitting
-873515.319241,0.3110841109936377,1.2540615822045287,sitting
-873515.309508,0.3532074267523898,1.2253683489221414,sitting
-873515.299915,0.9681152266468225,0.820003761730514,sitting
-873515.292178,0.22515118762183378,1.3783889997426502,sitting
-873515.285217,0.33337102605495317,1.2164757789112852,sitting
-873515.273895,0.3150411979646963,1.2653829242690393,sitting
-873515.265652,0.35958181097295744,1.212027967337768,sitting
-873515.258703,0.39414220469039,1.4441528520651183,sitting
-873515.25027,0.36852554935363513,1.055706926161093,sitting
-873515.24331,0.32737220391296645,1.2769356457075016,sitting
-873515.236497,0.44674038425262935,1.1441592669610818,sitting
-873515.228444,0.2944497373441852,1.2328238789089982,sitting
-873515.221272,0.2753526268330425,1.2689187055122848,sitting
-873515.213435,0.4211217223512167,1.1869808251878178,sitting
-873515.201005,0.7778141458861012,0.9672793224217768,sitting
-873515.1893580001,0.22471226831033228,1.3572966654577603,sitting
-873515.178739,0.21614475831982496,1.2742479255040582,sitting
-873515.168556,0.2054526085335494,1.22150999136834,sitting
-873515.156041,0.26708085279365223,1.1435561815023978,sitting
-873515.140928,0.8233112096786499,1.115386281432611,sitting
-873515.131662,0.8980873823165894,1.1396686584448013,sitting
-873515.122575,0.7778580784797668,1.2450131154372692,sitting
-873515.114101,0.9096294045448303,1.3122829843367176,sitting
-873515.106315,0.7099078297615051,1.3615005214272364,sitting
-873515.0978870001,0.7933336496353149,1.4014915218387825,sitting
-873515.087,0.373942771944402,1.205033313214777,sitting
-873515.07597,0.39816258414789957,1.135785542028068,sitting
-873515.0597,0.3830467634829404,1.2446572442811377,sitting
-873515.047409,0.39510829035489464,1.1937770038963649,sitting
-873515.039463,0.42028836170779876,1.2643602519086667,sitting
-873515.03273,0.4507182054377582,1.277611637537838,sitting
-873515.023634,0.4159197172502777,1.151627646745009,sitting
-873515.009497,0.405505634346679,1.148273263399635,sitting
-873514.999799,0.99,1.19234017675607,sitting
-873514.991475,0.8504847288131714,1.18852191907175,sitting
-873514.98432,0.8954359889030457,1.1832691883460713,sitting
-873514.9743540001,0.898075520992279,1.2106690964584041,sitting
-873514.967392,0.9347943067550659,1.2063086603345634,sitting
-873514.961128,0.8473109006881714,1.20032420684652,sitting
-873514.9532720001,0.866237223148346,1.197286627678194,sitting
-873514.940332,0.9037426710128784,1.246895217171232,sitting
-873514.930174,0.8414523005485535,1.3006428989582095,sitting
-873514.923267,0.8694384694099426,1.3396069246893259,sitting
-873514.914633,0.40900465516948076,1.2621458317436156,sitting
-873514.901667,0.5000010946909984,1.2944432210945238,sitting
-873514.885153,0.38355367550296554,1.28418734684017,sitting
-873514.870661,0.5155846339989579,1.2799279536500823,sitting
-873514.8537260001,0.36244044439807105,1.3553472327954084,sitting
-873514.839999,0.4543671044499375,1.1755282300146428,sitting
-873514.822074,0.3813985400105836,1.3048407146324417,sitting
-873514.809423,0.48743616452542504,1.30550101343264,sitting
-873514.794414,0.4315098293550516,1.3171361372921533,sitting
-873514.775835,0.4341297023480046,1.285680494459588,sitting
-873514.75803,0.408210634795619,1.3019987502542127,sitting
-873514.741807,0.46228032178426237,1.1624862535072036,sitting
-873514.732965,0.42710284951615335,1.3362664594951013,sitting
-873514.724088,0.45471814337836736,1.2194169126284562,sitting
-873514.714807,0.3682875338126565,1.373576575243415,sitting
-873514.70362,0.4205256881257971,1.4329209408931054,sitting
-873514.693213,0.99,1.1984506477557861,sitting
-873514.685194,0.8102803230285645,1.2250744577145904,sitting
-873514.677261,0.8847929835319519,1.2015136939061763,sitting
-873514.66947,0.8823441863059998,1.171685718987225,sitting
-873514.661237,0.9738625884056091,1.2006349444611208,sitting
-873514.650047,0.8331671357154846,1.1972752617045295,sitting
-873514.640911,0.804751992225647,1.1863870871025934,sitting
-873514.632661,0.7731495499610901,1.2253672860741616,sitting
-873514.62428,0.7302619218826294,1.2186385297878157,sitting
-873514.617706,0.816585898399353,1.1929791774981853,sitting
-873514.609532,0.7909612059593201,1.1994389543808053,sitting
-873514.600253,0.9364895820617676,1.2268986307569474,sitting
-873514.588525,0.8136470913887024,1.2475763511470697,sitting
-873514.57975,0.8195235729217529,1.2280892900410687,sitting
-873514.568199,0.8592933416366577,1.2602279264006397,sitting
-873514.559687,0.784331202507019,1.251851355321537,sitting
-873514.552145,0.7912889719009399,1.1836917141345564,sitting
-873514.5419000001,0.8305711150169373,1.2016181539705313,sitting
-873514.53278,0.817202091217041,1.1704658429832722,sitting
-873514.524193,0.8509289622306824,1.1548867167146577,sitting
-873514.515064,0.8199992179870605,1.1774792953924775,sitting
-873514.503322,0.8079889416694641,1.1573688946347147,sitting
-873514.497093,0.9216291904449463,1.1274365678686888,sitting
-873514.492759,0.7973271012306213,1.1630442650074069,sitting
-873514.485321,0.8452109098434448,1.1418119435517724,sitting
-873514.476139,0.7825772762298584,1.1708289402673246,sitting
-873514.467722,0.7884441018104553,1.1587532723063765,sitting
-873514.456378,0.8913734555244446,1.162298826047024,sitting
-873514.44669,0.9222601056098938,1.1495465442279462,sitting
-873514.43573,0.8985607028007507,1.1770443051102695,sitting
-873514.4288710001,0.9342575073242188,1.1898953556091585,sitting
-873514.421461,0.8346271514892578,1.1485206007032596,sitting
-873514.412266,0.8293220400810242,1.135893362976732,sitting
-873514.40534,0.9849395155906677,1.1337297865695986,sitting
-873514.397023,0.8767238855361938,1.1160395398733707,sitting
-873514.389393,0.8736343383789062,1.1491646470928307,sitting
-873514.381343,0.8970938324928284,1.116118530007709,sitting
-873514.373423,0.8797078132629395,1.1359101107124592,sitting
-873514.363895,0.7921825051307678,1.1302675130139757,sitting
-873514.357388,0.7362053990364075,1.1162857026102126,sitting
-873514.347438,0.8212699294090271,1.130653326396505,sitting
-873514.338195,0.9809461832046509,1.17824602427083,sitting
-873514.32723,0.2858126316847263,1.2490385356389173,sitting
-873514.313313,0.3945191824732287,1.2684937990333798,sitting
-873514.300572,0.31923786985312896,1.4373371182838257,sitting
-873514.291279,0.2917360779452967,1.5970044045153955,sitting
-873514.279206,0.3024640305185203,1.4285367645871614,sitting
-873514.266571,0.36354656401132385,1.2307337478115992,sitting
-873514.258182,0.4825386407759356,1.3182302809941522,sitting
-873514.245231,0.2812783437038554,1.4111706473510748,sitting
-873514.237338,0.32358362637730126,1.364692456397159,sitting
-873514.228841,0.4165552034569256,1.2839847689280508,sitting
-873514.2149370001,0.7348675575412625,1.4876148806337026,sitting
-873514.202824,0.2864682107757165,1.526430071380016,sitting
-873514.188611,0.3077162809418054,1.3731460974632443,sitting
-873514.174709,0.39952328439001183,1.2307512750813987,sitting
-873514.163497,0.40854300968982704,1.277230138315001,sitting
-873514.1510760001,0.99,1.077626709287264,sitting
-873514.145162,0.4152494412763972,1.2788283103417637,sitting
-873514.137302,0.3608610926845023,1.3382720151447343,sitting
-873514.119921,0.8456399440765381,1.0905915934725212,sitting
-873514.106816,0.7826420068740845,1.0952297680821732,sitting
-873514.097904,0.7334315180778503,1.1003013605511112,sitting
-873514.08784,0.8897347450256348,1.1107507014127918,sitting
-873514.079916,0.8419585227966309,1.1043586968670258,sitting
-873514.071365,0.890680730342865,1.1025041313245443,sitting
-873514.062874,0.9136074185371399,1.1002152692596212,sitting
-873514.0526780001,0.8360704183578491,1.1156986963561177,sitting
-873514.04431,0.953874945640564,1.1323420839824787,sitting
-873514.037091,0.9444891810417175,1.1224111911938173,sitting
-873514.029707,0.9384872317314148,1.1192273165341424,sitting
-873514.020493,0.968644917011261,1.1041034281929365,sitting
-873514.012664,0.7953454256057739,1.110813558529569,sitting
-873513.999221,0.800421416759491,1.1636747805134355,sitting
-873513.990012,0.8371237516403198,1.2313410118145107,sitting
-873513.980484,0.7534281015396118,1.3013353562941918,sitting
-873513.972969,0.3791580978591433,1.3461698424620838,sitting
-873513.96095,0.359761812116183,1.3265468194740273,sitting
-873513.948357,0.35745194190789215,1.288070827826885,sitting
-873513.938336,0.359145303164894,1.283819038904972,sitting
-873513.9280750001,0.3811490403323528,1.2469490697323282,sitting
-873513.918139,0.3845539440581564,1.2681188778701564,sitting
-873513.909747,0.33991773616095006,1.283750992952347,sitting
-873513.9015810001,0.35220718189906247,1.2764631051134545,sitting
-873513.886788,0.349885100135128,1.2451860280917475,sitting
-873513.876719,0.35316028064628047,1.2599406150019479,sitting
-873513.863659,0.39394998962117905,1.1809000851826998,sitting
-873513.85195,0.3897365922495239,1.2509796081915017,sitting
-873513.844931,0.39399204930516807,1.2166130048990076,sitting
-873513.837852,0.39985660254003824,1.211692746283822,sitting
-873513.830991,0.377159648298283,1.2351661052970875,sitting
-873513.825287,0.3579269481212767,1.2247018006153687,sitting
-873513.817453,0.43861426961862143,1.2179402384559168,sitting
-873513.8093750001,0.3773039464593071,1.2496137940087086,sitting
-873513.794935,0.46398219301669796,1.142768422371526,sitting
-873513.784182,0.37124855342513546,1.1285753747992473,sitting
-873513.773709,0.3522787901873316,1.2051366795046001,sitting
-873513.768491,0.4488538223032598,1.1977782491890934,sitting
-873513.757323,0.3384659743798602,1.274610829862361,sitting
-873513.746914,0.3824964248245534,1.1809165289697363,sitting
-873513.734739,0.3745331974930975,1.1394417884727837,sitting
-873513.723178,0.40151807242899673,1.0817702722833253,sitting
-873513.7088820001,0.4523472227368354,1.0802270623720363,sitting
-873513.694188,0.3787287729698886,1.1931884831347959,sitting
-873513.680514,0.35060524712557734,1.1401926284748614,sitting
-873513.6682150001,0.7321830107245374,1.0907694567485198,sitting
-873513.654748,0.7091246843338013,1.2930773707579797,sitting
-873513.648623,0.35110020768109845,1.3550069781557674,sitting
-873513.641524,0.324139182615018,1.1866590382038322,sitting
-873513.627355,0.3299038797993908,1.0642061884629288,sitting
-873513.6168450001,0.29927446608716135,1.059281637649193,sitting
-873513.6084660001,0.36276257030304526,1.1736923756098299,sitting
-873513.600809,0.32256571163888664,1.0657351306550988,sitting
-873513.59176,0.99,1.0423793657189218,sitting
-873513.58419,0.20091403791163712,1.1995209143588075,sitting
-873513.578448,0.2702137609086506,1.2742531771109036,sitting
-873513.570124,0.2682693604211005,1.200782682164379,sitting
-873513.563868,0.24299762634003666,1.220457265429292,sitting
-873513.553862,0.29807624311651415,1.0802361988293017,sitting
-873513.5400030001,0.3260190690009694,1.1891583744957814,sitting
-873513.527308,0.2962827239436491,1.339934105202095,sitting
-873513.515444,0.2726697260796024,1.0883889247057028,sitting
-873513.50816,0.2957278785888764,1.3118669038992734,sitting
-873513.499205,0.5370073954915682,1.2718638108361286,sitting
-873513.487705,0.4180179798725327,1.2921493346839483,sitting
-873513.479719,0.5312060961986284,1.2206066177310757,sitting
-873513.469265,0.8554975430696055,1.4442826221082576,sitting
-873513.458906,0.4583469800800355,1.152676260173751,sitting
-873513.450294,0.41573402801887466,1.25031745178774,sitting
-873513.438277,0.3691492312734414,1.162722673007023,sitting
-873513.424505,0.504683619898995,1.1447848829700438,sitting
-873513.413894,0.4861892056083771,1.0747991538199333,sitting
-873513.405885,0.5142619993113798,1.1694986926288284,sitting
-873513.389463,0.3368181634574518,1.3463020384692124,sitting
-873513.378961,0.46817279551799346,1.0705613924308457,sitting
-873513.3711400001,0.3171268980057329,1.2631997171398366,sitting
-873513.3623040001,0.42100332692044723,1.3106323411468601,sitting
-873513.351924,0.5073946718594327,1.1328431497724045,sitting
-873513.341436,0.8109194930092892,1.7220462183928604,sitting
-873513.3311920001,0.4268986889062137,1.1010307504486927,sitting
-873513.316914,0.4208646514803243,1.1532302452971628,sitting
-873513.30735,0.3896230670792085,1.1173888877837332,sitting
-873513.293668,0.4497883753105618,1.161232786285035,sitting
-873513.277609,0.5186396282909651,1.0955904340928853,sitting
-873513.2668110001,0.4556505218690998,1.0719970056137824,sitting
-873513.255576,0.4603181085227622,1.2338038754481122,sitting
-873513.242577,0.5926849616667961,1.2713519371319166,sitting
-873513.221441,0.5657792843625437,1.172448687069385,sitting
-873513.206935,0.36491837931031107,1.2676280826930388,sitting
-873513.1924770001,0.21553296157116594,1.0962793088324707,sitting
-873513.175667,0.806129723780748,1.144144339544999,sitting
-873513.166674,0.7503780126571655,1.2072722541512388,sitting
-873513.157601,0.719102144241333,1.2571663980276075,sitting
-873513.148008,0.7271157503128052,1.2664202703457597,sitting
-873513.138466,0.7375468015670776,1.3070646403873911,sitting
-873513.133176,0.3151960358247713,1.1335594531140032,sitting
-873513.127167,0.952260434627533,1.3294642641000296,sitting
-873513.121221,0.7026952505111694,1.36375128465271,sitting
-873513.113349,0.35352335974027754,1.1883003399696102,sitting
-873513.105266,0.7457605600357056,1.362580156493336,sitting
-873513.097208,0.3068746345020431,1.1980686351435184,sitting
-873513.0868940001,0.7985990643501282,1.3991255192075132,sitting
-873513.081277,0.7124238610267639,1.4082515548199148,sitting
-873513.073199,0.766662061214447,1.3995466535126053,sitting
-873513.060754,0.32679366051988284,1.2295938682231542,sitting
-873513.05021,0.7310568690299988,1.4864729627091284,sitting
-873513.044967,0.2972751196361243,1.2205920931737828,sitting
-873513.0375880001,0.28949187681126826,1.198461321008513,sitting
-873513.030523,0.27716536609935566,1.3012280104523386,sitting
-873513.023762,0.3048974956669429,1.1556466774610459,sitting
-873513.015218,0.31413992807932295,1.2644544988372033,sitting
-873513.007842,0.306942171506956,1.3115682541853984,sitting
-873513.001403,0.30737754021737473,1.1633532931696031,sitting
-873512.99303,0.32253383093140825,1.1933982073734817,sitting
-873512.9855000001,0.9729463611019394,1.2486891717733424,sitting
-873512.9772130001,0.7075453996658325,1.3174786160985925,sitting
-873512.9695,0.9197313785552979,1.415968481571928,sitting
-873512.961146,0.8436958193778992,1.4559339655525259,sitting
-873512.953367,0.3699031725035152,1.1845424050737106,sitting
-873512.942468,0.37292763372757737,1.2566625379169007,sitting
-873512.928273,0.3739668328154147,1.1816179863603211,sitting
-873512.918609,0.3258157708491035,1.1865416144590286,sitting
-873512.910811,0.30286196714167735,1.2409465175887413,sitting
-873512.904941,0.3315767866697857,1.1702749600344755,sitting
-873512.895614,0.3966229766684296,1.1353216456516089,sitting
-873512.880916,0.4029917901200605,1.0939913057731099,sitting
-873512.86835,0.3443222623306704,1.1590592243184696,sitting
-873512.854433,0.4122870861413423,1.155850339250161,sitting
-873512.840634,0.41626388077048676,1.1593218539524028,sitting
-873512.826884,0.3404376742854332,1.2951565638937508,sitting
-873512.81106,0.38012578248042667,1.2525965334426452,sitting
-873512.7955230001,0.3568545788337833,1.2380809158728492,sitting
-873512.785809,0.34770558669127993,1.0996279899524004,sitting
-873512.776554,0.8319235417359738,0.9885124221029011,sitting
-873512.763102,0.4189152248766638,1.063807256461161,sitting
-873512.749942,0.48636477236627385,1.3071543459492911,sitting
-873512.734102,0.538433328775945,1.026730258439291,sitting
-873512.718753,0.47582740067607465,1.1649197105346696,sitting
-873512.699722,0.38017246646839414,1.229351332627994,sitting
-873512.681878,0.5499265786359122,1.047760178655781,sitting
-873512.669604,0.5097581858712,0.9459434054425202,sitting
-873512.6573290001,0.4939088650995247,1.126211961787548,sitting
-873512.643904,0.8169072195171381,1.5658448880705853,sitting
-873512.630203,0.547257853859823,1.0120423714758613,sitting
-873512.6196270001,0.3403023920726373,1.2525829393033296,sitting
-873512.605139,0.45532789223489045,1.1951927873285486,sitting
-873512.594762,0.3796615801970482,1.4334170844431373,sitting
-873512.583404,0.47742756778352513,1.3322783685566026,sitting
-873512.56863,0.3659419356801811,1.1745812294181293,sitting
-873512.5551850001,0.7718671586356023,0.796754557589332,sitting
-873512.541275,0.28411906708841633,1.144541535987389,sitting
-873512.529893,0.7913151383399963,0.976601453270924,sitting
-873512.521163,0.8366381525993347,1.0780961455042801,sitting
-873512.5098,0.8212330937385559,1.1655826214499863,sitting
-873512.501757,0.7263512015342712,1.25488970804428,sitting
-873512.488747,0.7366164326667786,1.2431440970157768,sitting
-873512.478837,0.8652324080467224,1.163318932263186,sitting
-873512.470191,0.8911478519439697,1.1627485734828928,sitting
-873512.457927,0.9539202451705933,1.1474403553742785,sitting
-873512.4498160001,0.8361639976501465,1.1737944975020187,sitting
-873512.438682,0.946914792060852,1.138372694880506,sitting
-873512.429012,0.9817060232162476,1.1772760890023735,sitting
-873512.419338,0.9485665559768677,1.1551329699390243,sitting
-873512.411737,0.9277799725532532,1.14450099226406,sitting
-873512.403876,1.0,1.151200792043472,sitting
-873512.395982,0.9742853045463562,1.1708355721452328,sitting
-873512.388754,0.9172812104225159,1.1623774786370729,sitting
-873512.377582,0.9252500534057617,1.1605072389740916,sitting
-873512.368785,0.9244320392608643,1.174276526183263,sitting
-873512.359342,0.9043322801589966,1.1491622192590207,sitting
-873512.347781,0.892471432685852,1.1515797540057462,sitting
-873512.339256,0.9766154289245605,1.153633568306705,sitting
-873512.334038,0.9786033034324646,1.1717641769107408,sitting
-873512.324471,1.0,1.1899351461577092,sitting
-873512.316257,0.7815250158309937,1.1766336632691585,sitting
-873512.308423,0.8991278409957886,1.2026698060355048,sitting
-873512.299861,0.8673229217529297,1.2981202455392689,sitting
-873512.289589,0.8228392601013184,1.3222942996622908,sitting
-873512.280665,0.38669374730876876,1.262912185510705,sitting
-873512.264873,0.32208317856835206,1.3357741014412712,sitting
-873512.251713,0.32130339583956674,1.3969123284051812,sitting
-873512.239626,0.42481270697274237,1.320635776430017,sitting
-873512.2305160001,0.4542711283655181,1.247194467799833,sitting
-873512.215034,0.41299567384100594,1.2816128478878919,sitting
-873512.208288,0.3616909536237002,1.3070717810634838,sitting
-873512.198345,0.37767217910592116,1.36046708386018,sitting
-873512.1905670001,0.3929367833573078,1.3282162403872784,sitting
-873512.183431,0.3804413951953809,1.3138679661815704,sitting
-873512.176252,0.47388073200858544,1.2890319645711688,sitting
-873512.166818,0.42954686604171455,1.2308900949736357,sitting
-873512.156459,0.43488546550846957,1.1910982776488486,sitting
-873512.1457560001,0.4429431048920311,1.2309653953407502,sitting
-873512.132323,0.34345949996424474,1.3380287090141847,sitting
-873512.117433,0.41323964244436145,1.3649076437204926,sitting
-873512.104219,0.3945467747854909,1.3008821460934912,sitting
-873512.0914050001,0.99,1.1570302534390162,sitting
-873512.081544,0.7393857836723328,1.1793026167752698,sitting
-873512.072841,0.8093510270118713,1.1589376927751038,sitting
-873512.0654140001,0.9802209734916687,1.1385527594333307,sitting
-873512.057136,0.8415220379829407,1.2096577686432575,sitting
-873512.049457,0.9190036654472351,1.203973054108876,sitting
-873512.041385,0.8908995985984802,1.1391361426788746,sitting
-873512.033434,0.7993853092193604,1.132719752890036,sitting
-873512.025016,0.7660598158836365,1.1524414520565576,sitting
-873512.017365,0.9037498831748962,1.1516104273603616,sitting
-873512.009292,0.8514066338539124,1.1432893321736595,sitting
-873512.00003,0.9001460075378418,1.1355486109437942,sitting
-873511.9927310001,0.8624977469444275,1.147844326111585,sitting
-873511.983423,0.9240406155586243,1.1314301024694284,sitting
-873511.971619,0.963681697845459,1.1455475655564298,sitting
-873511.964455,0.8573756814002991,1.136105495316209,sitting
-873511.956515,0.8878360390663147,1.1436053652994334,sitting
-873511.948773,0.8987429141998291,1.1453170288061103,sitting
-873511.937847,0.8039231300354004,1.1470578701995984,sitting
-873511.926997,0.8592058420181274,1.1418405503548272,sitting
-873511.920235,0.8491941690444946,1.1373942508717878,sitting
-873511.911805,1.0,1.152189404229793,sitting
-873511.904819,0.8847453594207764,1.1499035871068215,sitting
-873511.8973150001,1.0,1.1360752049115477,sitting
-873511.885269,0.9681042432785034,1.1799481123101252,sitting
-873511.872978,0.8742150664329529,1.1789545191127777,sitting
-873511.864309,0.8871740698814392,1.217967023690921,sitting
-873511.8557610001,0.9932569861412048,1.1877485083737374,sitting
-873511.8472600001,1.0,1.1920990465614998,sitting
-873511.83602,0.9278979301452637,1.2042830279407952,sitting
-873511.8257800001,0.8150331974029541,1.1490126718692042,sitting
-873511.817842,0.9317574501037598,1.150762671589229,sitting
-873511.808693,0.9094452857971191,1.155661446582882,sitting
-873511.7999710001,0.9158011674880981,1.099737672062095,sitting
-873511.78677,0.8966467976570129,1.1151976218888144,sitting
-873511.775053,0.8507802486419678,1.1186004748519802,sitting
-873511.766202,0.7838621139526367,1.1272638564740198,sitting
-873511.759399,0.7369602918624878,1.1210314493359306,sitting
-873511.752019,0.7971274852752686,1.1204879802672858,sitting
-873511.7411420001,0.7416946887969971,1.1052774014877529,sitting
-873511.733074,0.8398407101631165,1.1276159486519912,sitting
-873511.725201,0.809127688407898,1.1374925263187556,sitting
-873511.716666,0.34104985510574515,1.2829575576709664,sitting
-873511.708914,0.3308558651441895,1.1391350972205996,sitting
-873511.700024,0.3753897020137067,1.2656675559325272,sitting
-873511.686395,0.99,1.1263338484516425,sitting
-873511.675768,0.8241834044456482,1.1374836000031707,sitting
-873511.668234,0.9624904990196228,1.2061679863449304,sitting
-873511.661377,0.8972337245941162,1.1453353937621955,sitting
-873511.653426,0.8516231775283813,1.1230058291213165,sitting
-873511.643757,0.9001004099845886,1.1432021215855448,sitting
-873511.632819,0.9634697437286377,1.1428619420232833,sitting
-873511.625607,0.8440248966217041,1.1409317687312273,sitting
-873511.614665,0.8217861652374268,1.14284369538185,sitting
-873511.607054,0.8807466626167297,1.155208232199925,sitting
-873511.5988040001,0.8269282579421997,1.1247551723144786,sitting
-873511.587897,0.8613317608833313,1.1447489051551116,sitting
-873511.5796020001,0.9581738710403442,1.1121571003399868,sitting
-873511.5700300001,0.8043488264083862,1.122649739497279,sitting
-873511.561115,0.8803719282150269,1.125984347949672,sitting
-873511.54987,0.8467078804969788,1.1231835214966428,sitting
-873511.541813,0.8572350740432739,1.136586327039308,sitting
-873511.533039,0.8504772782325745,1.1173134582325726,sitting
-873511.52082,0.8487498760223389,1.144240737506593,sitting
-873511.51232,0.8531250357627869,1.1298883070606274,sitting
-873511.502375,0.8724516034126282,1.128738870373005,sitting
-873511.489347,0.8365612626075745,1.121290363993117,sitting
-873511.481574,0.8695970177650452,1.1269443386401243,sitting
-873511.472501,0.8619840741157532,1.1202875066168958,sitting
-873511.462908,0.862838864326477,1.1450723041339628,sitting
-873511.456353,0.8908200263977051,1.1428334249523342,sitting
-873511.448268,0.93487548828125,1.1245559909527834,sitting
-873511.439575,0.9273791909217834,1.1232450786622374,sitting
-873511.4288560001,0.8268697261810303,1.142057955892903,sitting
-873511.417399,0.8946695923805237,1.156827582933904,sitting
-873511.406546,0.8221100568771362,1.1406244380235533,sitting
-873511.39371,0.9770228862762451,1.1312825727963833,sitting
-873511.386854,0.8966631293296814,1.1940729485479191,sitting
-873511.37498,0.8547579050064087,1.1776545414830895,sitting
-873511.369457,0.8945899605751038,1.193558094213008,sitting
-873511.36142,0.863088071346283,1.2067477828055178,sitting
-873511.353325,0.9918254017829895,1.1820291927263678,sitting
-873511.343549,0.9314046502113342,1.1858348344056866,sitting
-873511.33629,0.9193803071975708,1.1788053003063688,sitting
-873511.329268,0.8636395335197449,1.1721367725941105,sitting
-873511.321394,0.9515709280967712,1.1732660466901534,sitting
-873511.313343,0.8861706852912903,1.1682131052717852,sitting
-873511.303531,0.971355140209198,1.2028598699348376,sitting
-873511.295017,0.9635193347930908,1.1481501143732946,sitting
-873511.2892080001,1.0,1.1688428732281726,sitting
-873511.2810440001,0.9237874746322632,1.1512575406552479,sitting
-873511.267673,0.9652931690216064,1.1561506721148112,sitting
-873511.260208,0.8364488482475281,1.1761319513177981,sitting
-873511.2507880001,0.8405435085296631,1.1742719558406045,sitting
-873511.237373,0.9469094276428223,1.1564585192108345,sitting
-873511.22896,0.8640691041946411,1.1743295869700163,sitting
-873511.219497,0.973763644695282,1.1706638609765516,sitting
-873511.210919,0.8981401920318604,1.1565840803897087,sitting
-873511.203131,0.8987361192703247,1.2050966464272612,sitting
-873511.194759,0.9307012557983398,1.1882452755753699,sitting
-873511.184694,0.8885177373886108,1.1458717378907344,sitting
-873511.176878,0.9195054769515991,1.1596735531856486,sitting
-873511.168677,0.7401943206787109,1.1651856324510272,sitting
-873511.1609820001,0.9184304475784302,1.1682854480508946,sitting
-873511.153406,0.8842136263847351,1.1743617954647618,sitting
-873511.145356,0.8413397073745728,1.1791314879381014,sitting
-873511.136925,0.9242095947265625,1.2097834464907122,sitting
-873511.1295030001,0.8914006352424622,1.1729430106672214,sitting
-873511.121297,0.920084536075592,1.17689453060501,sitting
-873511.113324,0.9200314283370972,1.176813356208748,sitting
-873511.100515,0.8054947853088379,1.1911463224670662,sitting
-873511.092908,0.8274794220924377,1.1991891046400127,sitting
-873511.082018,0.8913164734840393,1.1872411368061777,sitting
-873511.07323,0.8998677134513855,1.1772305550369553,sitting
-873511.065056,0.9018346667289734,1.1811803651004262,sitting
-873511.053269,0.9200878143310547,1.1670848190883212,sitting
-873511.041573,0.8965979218482971,1.1743207296907112,sitting
-873511.0331080001,0.8171806335449219,1.1920258798537078,sitting
-873511.022095,0.7735742926597595,1.1765413442306727,sitting
-873511.017219,0.8958641886711121,1.1891472816504467,sitting
-873511.008954,0.9268917441368103,1.1934307667158217,sitting
-873510.9976230001,0.8251568675041199,1.2151388686691487,sitting
-873510.991197,0.9275009036064148,1.150515035640209,sitting
-873510.985523,0.8694469332695007,1.2082441166737716,sitting
-873510.977417,0.8521277904510498,1.201812562560499,sitting
-873510.969395,0.8671505451202393,1.1444488281211518,sitting
-873510.95748,0.9157877564430237,1.1372165516922421,sitting
-873510.949178,0.8155853748321533,1.158171582618626,sitting
-873510.936468,0.9630940556526184,1.1324317890708886,sitting
-873510.927347,0.822321355342865,1.1752014738656866,sitting
-873510.9146820001,0.9821956753730774,1.1832826307473145,sitting
-873510.907801,0.8972743153572083,1.161899870820978,sitting
-873510.897556,0.9410747289657593,1.167129062327731,sitting
-873510.891545,0.8926661610603333,1.143304224708571,sitting
-873510.8847330001,0.8205615282058716,1.1650860555637448,sitting
-873510.87681,0.8755900859832764,1.1564661387096953,sitting
-873510.867156,0.8955839276313782,1.1540366532683874,sitting
-873510.855474,0.89799964427948,1.1580139109507224,sitting
-873510.844862,0.7891082167625427,1.1349471393164197,sitting
-873510.833753,1.0,1.130547074423292,sitting
-873510.824432,0.7705908417701721,1.1471416143412179,sitting
-873510.814838,0.8955027461051941,1.1160000756858621,sitting
-873510.8034890001,0.8157028555870056,1.1243309168360422,sitting
-873510.795896,0.864118754863739,1.162952113677723,sitting
-873510.787013,0.821162760257721,1.129010412384579,sitting
-873510.779401,0.8729269504547119,1.1339355718152246,sitting
-873510.772597,0.9110360145568848,1.1496560892680612,sitting
-873510.761739,0.8898940086364746,1.1314846310117153,sitting
-873510.75226,0.8972939252853394,1.1319505545731725,sitting
-873510.7412480001,0.9665228724479675,1.1400590610276056,sitting
-873510.732908,0.9243429899215698,1.1020741833767058,sitting
-873510.725443,0.861966609954834,1.155573092873266,sitting
-873510.7173670001,0.8505942141629208,1.110607547093284,sitting
-873510.706282,0.3505517761063524,1.4323459201300537,sitting
-873510.695592,0.7307256299566285,1.0705488873737945,sitting
-873510.684596,0.38706091521123914,1.168106697774736,sitting
-873510.672812,0.5240450692028609,1.0100801499928664,sitting
-873510.658886,0.4336662230713347,1.278653492998823,sitting
-873510.649797,0.37605807774998384,1.4365077976764908,sitting
-873510.638724,0.3354197147211841,1.136926292437844,sitting
-873510.628605,0.5432845136856996,0.9320188668790732,sitting
-873510.6204070001,0.422189837418736,1.02525601811054,sitting
-873510.6108670001,0.31744619232818067,1.3075726203268756,sitting
-873510.602172,0.45316556838777416,1.136668141543526,sitting
-873510.591535,0.3318578612491661,1.2784614050327634,sitting
-873510.584213,0.347593763694551,1.2579000698167748,sitting
-873510.5751220001,0.4090611997967208,1.2230310766559795,sitting
-873510.560914,0.34112251852598213,1.2691811630155936,sitting
-873510.553389,0.2950890682721286,1.3781906922611031,sitting
-873510.544221,0.2605500419646728,1.1173101900945208,sitting
-873510.532128,0.45139710438761693,1.3435035609502037,sitting
-873510.521579,0.22927948717245275,1.1780304178418453,sitting
-873510.512059,0.965186174131412,1.0335770471271255,sitting
-873510.5023020001,0.2885110304081449,1.348326511007806,sitting
-873510.488385,0.7427934408187866,1.0897619211934977,sitting
-873510.47983,0.7678018808364868,1.1863978384296816,sitting
-873510.471291,0.8211544156074524,1.2302904248862747,sitting
-873510.464655,0.7445797920227051,1.2654909076864893,sitting
-873510.455541,0.8291522860527039,1.283961614584817,sitting
-873510.448033,0.7875729203224182,1.175625002211028,sitting
-873510.438957,0.908805787563324,1.1161876375138955,sitting
-873510.427315,0.7857329249382019,1.1231794938359214,sitting
-873510.420621,0.8306910395622253,1.1291816041844736,sitting
-873510.413984,0.87348872423172,1.1448210252815776,sitting
-873510.40286,0.8175610303878784,1.152391573622371,sitting
-873510.394372,0.8417047262191772,1.136846567984,sitting
-873510.384829,0.899363100528717,1.1474233282614588,sitting
-873510.374423,0.8569290041923523,1.147486975590665,sitting
-873510.366377,0.9112356901168823,1.1717508051683696,sitting
-873510.359264,0.9046955108642578,1.182453805941761,sitting
-873510.350098,0.9079362154006958,1.1549541133686363,sitting
-873510.345521,0.9292764067649841,1.155603145983087,sitting
-873510.337479,0.8943286538124084,1.1552496980780242,sitting
-873510.329451,1.0,1.163855311428843,sitting
-873510.321267,0.9521474838256836,1.1699018002204853,sitting
-873510.313179,0.936114490032196,1.1661244079528683,sitting
-873510.3054300001,0.9219883680343628,1.165932380886562,sitting
-873510.297347,1.0,1.1792732808040505,sitting
-873510.289337,0.9845248460769653,1.1879762986324582,sitting
-873510.279511,0.8016613721847534,1.196203008325496,sitting
-873510.273206,0.9178536534309387,1.193507611060015,sitting
-873510.263781,0.9181988835334778,1.2143382938003104,sitting
-873510.257506,0.9353197813034058,1.1953092340381208,sitting
-873510.249022,0.905660092830658,1.2102117990136323,sitting
-873510.239283,0.899856686592102,1.1926610321748075,sitting
-873510.232196,0.8511670827865601,1.1900157364875752,sitting
-873510.22404,0.9322749972343445,1.1866131038151746,sitting
-873510.213679,1.0,1.1840278771282762,sitting
-873510.205853,0.9837535619735718,1.1864353808982124,sitting
-873510.194179,0.9637061953544617,1.1914002168086526,sitting
-873510.182391,0.948382556438446,1.1544531487448033,sitting
-873510.174114,1.0,1.1827503128516703,sitting
-873510.162538,0.8969826102256775,1.1673889298503712,sitting
-873510.153332,0.9481686353683472,1.1808402422482853,sitting
-873510.144753,0.9550201892852783,1.1715405864255706,sitting
-873510.136439,0.9766833782196045,1.1810231704425842,sitting
-873510.129338,1.0,1.1767497328083065,sitting
-873510.117063,0.8413549065589905,1.142065530662642,sitting
-873510.10873,0.9734790921211243,1.1423009768670402,sitting
-873510.100115,1.0,1.1414895135942489,sitting
-873510.088091,0.9575390219688416,1.137033895599859,sitting
-873510.08125,0.8841633796691895,1.1364027425089396,sitting
-873510.0722010001,0.9236560463905334,1.131841817219116,sitting
-873510.063826,0.9437580704689026,1.128293333532131,sitting
-873510.0523110001,1.0,1.1264091661964977,sitting
-873510.048335,0.9851090908050537,1.1316739001426126,sitting
-873510.04129,0.9499083161354065,1.1064515861647206,sitting
-873510.029863,0.9650919437408447,1.1200631839670177,sitting
-873510.021041,0.8584200143814087,1.1241218430754887,sitting
-873510.011492,0.977878749370575,1.1083260871647247,sitting
-873509.999767,0.9376112222671509,1.098265169562998,sitting
-873509.990727,1.0,1.1034614083498386,sitting
-873509.980696,0.9424656629562378,1.113907387298151,sitting
-873509.970152,0.9698376059532166,1.089454888569299,sitting
-873509.961031,1.0,1.088008733132587,sitting
-873509.951656,0.9085427522659302,1.0994367870191866,sitting
-873509.945136,1.0,1.0784411207068731,sitting
-873509.932854,1.0,1.0726172306204464,sitting
-873509.924301,0.9498341679573059,1.083208136192011,sitting
-873509.913054,0.9046930074691772,1.0857118859478492,sitting
-873509.906775,0.8942878842353821,1.0906368672496476,sitting
-873509.894778,1.0,1.0793949994472691,sitting
-873509.885755,1.0,1.0653106453041996,sitting
-873509.873778,1.0,1.0575339214600201,sitting
-873509.864907,1.0,1.0572552573961724,sitting
-873509.854991,0.9043434858322144,1.0576779672276269,sitting
-873509.847126,0.9698995351791382,1.0474635092343982,sitting
-873509.837879,1.0,1.0506050121140058,sitting
-873509.828053,1.0,1.0523447622539317,sitting
-873509.816338,0.9991845488548279,1.061104246856201,sitting
-873509.807261,1.0,1.0673764574211404,sitting
-873509.79802,0.9871952533721924,1.0541479125381796,sitting
-873509.785783,0.905623733997345,1.0397100220681073,sitting
-873509.777715,0.9736703038215637,1.0347659311976298,sitting
-873509.767187,0.9914227724075317,1.034384831576335,sitting
-873509.7608480001,0.9896183013916016,1.0584678734277224,sitting
-873509.7530350001,1.0,1.0455533185584862,sitting
-873509.746099,1.0,1.042037133607434,sitting
-873509.739137,0.9186258912086487,1.0483449897361599,sitting
-873509.731947,0.8770861029624939,1.0286251385662037,sitting
-873509.725109,0.8990947008132935,0.9694991079716582,sitting
-873509.717227,0.24889350706031685,1.1785635495024667,sitting
-873509.707885,0.38192772321761,1.2551534466459682,sitting
-873509.6928440001,0.3554252264871551,1.2052881137904863,sitting
-873509.679066,0.9003963938074704,0.8351919107975005,sitting
-873509.666528,0.2895828472374506,1.2088512667419837,sitting
-873509.6573590001,0.39759857019817735,1.1564976003098026,sitting
-873509.649633,0.8802565156074413,2.0825139218102824,sitting
-873509.64043,0.3801162519440458,1.2317608394655446,sitting
-873509.6329130001,0.37770181523216095,1.2795429385644272,sitting
-873509.6243660001,0.3203501774941579,1.2584383019771388,sitting
-873509.61402,0.2836448056904069,1.2189996171622424,sitting
-873509.605398,0.23305694143699204,1.319946475406328,sitting
-873509.59246,0.4293956565033397,1.0851491929887738,sitting
-873509.583191,0.701681667457186,0.9047193070911574,sitting
-873509.561248,0.5632914229126369,1.1909419865103255,sitting
-873509.553006,0.5857311597309273,1.1382009322548479,sitting
-873509.542691,0.4868882097770967,1.0940006990423758,sitting
-873509.5306470001,0.7507015466690063,1.060979126705179,sitting
-873509.523897,0.867624044418335,1.0577902943644566,sitting
-873509.51292,0.9216506481170654,1.068265911430725,sitting
-873509.5047330001,0.9805241227149963,1.104637968267392,sitting
-873509.491758,0.8426108360290527,1.1072867500644712,sitting
-873509.482078,0.8515092134475708,1.115378081267958,sitting
-873509.475252,0.9085175395011902,1.1072667417670892,sitting
-873509.470347,0.9059072136878967,1.102691182124647,sitting
-873509.465245,0.9049946069717407,1.11302858823149,sitting
-873509.457427,0.815346896648407,1.1242848905489646,sitting
-873509.4473690001,0.9076631665229797,1.0931365837087945,sitting
-873509.440601,0.8694218397140503,1.099609855340732,sitting
-873509.427918,1.0,1.0877562553008837,sitting
-873509.421555,0.8966555595397949,1.1145052430122755,sitting
-873509.41042,0.959850013256073,1.1006508717454628,sitting
-873509.402256,0.9160411953926086,1.0973456429487998,sitting
-873509.395883,1.0,1.1138478224165023,sitting
-873509.3871930001,1.0,1.1044476724591306,sitting
-873509.381639,0.9588903188705444,1.1173014338398453,sitting
-873509.37709,0.9807445406913757,1.1184725054479818,sitting
-873509.3663550001,1.0,1.1096993071600436,sitting
-873509.3602390001,0.9733579158782959,1.1309404425187233,sitting
-873509.352634,0.8708515167236328,1.1100201882648788,sitting
-873509.342497,0.85462486743927,1.129013393867437,sitting
-873509.333371,0.9578649997711182,1.1316054140981993,sitting
-873509.322087,0.9262164831161499,1.1287687085805587,sitting
-873509.311009,0.9239446520805359,1.1365022487404293,sitting
-873509.3025,0.9955945611000061,1.1249479658706054,sitting
-873509.290377,0.807502269744873,1.136732288670479,sitting
-873509.281108,0.9239331483840942,1.1459434109622473,sitting
-873509.272867,0.8973798751831055,1.1373022656865146,sitting
-873509.260132,0.9771108627319336,1.147541517575243,sitting
-873509.251005,0.9828997254371643,1.1554992139282119,sitting
-873509.241097,0.9676003456115723,1.2290980935612312,sitting
-873509.233235,0.9693574905395508,1.202121893965499,sitting
-873509.225431,1.0,1.139772147983157,sitting
-873509.217232,1.0,1.1540303959794218,sitting
-873509.2061760001,0.9995958209037781,1.1370656405671427,sitting
-873509.199024,0.9412476420402527,1.153755714171449,sitting
-873509.193052,1.0,1.1827209922602568,sitting
-873509.185364,1.0,1.1638853311414357,sitting
-873509.176303,0.8562619090080261,1.1562063742027133,sitting
-873509.1662870001,0.9563882350921631,1.1469412999286885,sitting
-873509.161358,0.817762017250061,1.1344500419049415,sitting
-873509.153403,0.9587230682373047,1.1756213513912965,sitting
-873509.145394,1.0,1.1446415612411802,sitting
-873509.13746,1.0,1.145752730674396,sitting
-873509.129484,0.9529842734336853,1.1385416416345318,sitting
-873509.121225,0.983721137046814,1.1304828897908168,sitting
-873509.1130680001,0.9479108452796936,1.1355090341763079,sitting
-873509.099928,0.8965013027191162,1.1544055326442875,sitting
-873509.092319,0.9206961393356323,1.1359072116134916,sitting
-873509.082702,0.9939415454864502,1.1349578949362198,sitting
-873509.071701,0.9209998250007629,1.1430428201843919,sitting
-873509.063818,1.0,1.1340375781461236,sitting
-873509.055313,1.0,1.1298975046716202,sitting
-873509.043823,0.8438958525657654,1.1409661221856644,sitting
-873509.034809,0.8946883082389832,1.1476583452457958,sitting
-873509.023958,1.0,1.1530522493007038,sitting
-873509.016452,0.9572640061378479,1.1417837015836265,sitting
-873509.0074080001,0.9709901809692383,1.1421054307998273,sitting
-873508.997041,0.912194550037384,1.1354966835525633,sitting
-873508.9873640001,0.9863033890724182,1.151419755522776,sitting
-873508.974012,0.9651725888252258,1.1478981836100552,sitting
-873508.964275,0.9112389087677002,1.1540441357749627,sitting
-873508.955548,1.0,1.1446812720043327,sitting
-873508.948862,0.9801965951919556,1.148067865666639,sitting
-873508.939202,1.0,1.1438046890703646,sitting
-873508.93216,0.9515733122825623,1.1807703094476762,sitting
-873508.923869,0.963512122631073,1.1734490685549712,sitting
-873508.915144,0.9085888862609863,1.1703661395326748,sitting
-873508.903878,0.9834468960762024,1.1754094229147638,sitting
-873508.89266,0.8450882434844971,1.1943026878219878,sitting
-873508.883138,0.924030601978302,1.1596270378034301,sitting
-873508.874322,0.9470269083976746,1.1531278054841603,sitting
-873508.866242,0.9056087732315063,1.1843382608369533,sitting
-873508.854997,0.953273355960846,1.153753229951627,sitting
-873508.847271,0.9374013543128967,1.1632810556860038,sitting
-873508.839239,0.9217264652252197,1.1688475679157997,sitting
-873508.8266660001,0.933017373085022,1.1855285700185623,sitting
-873508.819772,0.8811159729957581,1.1519979810256058,sitting
-873508.808196,0.9509369134902954,1.1606553748846018,sitting
-873508.799141,0.9694045186042786,1.1725917422143453,sitting
-873508.793017,0.8244439363479614,1.165662119612957,sitting
-873508.7868080001,0.9398766756057739,1.1700465067856567,sitting
-873508.777887,0.9056087732315063,1.1825961867886776,sitting
-873508.769371,0.9729992151260376,1.162606093229753,sitting
-873508.761946,1.0,1.1625778518431136,sitting
-873508.752233,1.0,1.1722968584130804,sitting
-873508.743121,0.9483757019042969,1.168046785663535,sitting
-873508.737023,0.9834050536155701,1.17227157210609,sitting
-873508.728889,0.900865912437439,1.1600229276688232,sitting
-873508.718494,0.8719127178192139,1.1680675329857593,sitting
-873508.711764,0.9930856823921204,1.1638762251267272,sitting
-873508.7036380001,0.9922326803207397,1.168269931238687,sitting
-873508.694133,0.872316837310791,1.1506502952990276,sitting
-873508.685232,0.9920765161514282,1.1415981877517631,sitting
-873508.675514,0.8913335800170898,1.1575569973829616,sitting
-873508.667797,1.0,1.1552516539494757,sitting
-873508.658146,0.9720094799995422,1.160867638336903,sitting
-873508.649153,0.8083562850952148,1.1752082971150823,sitting
-873508.643505,0.9668144583702087,1.1778887071565416,sitting
-873508.6348,1.0,1.1568830937201335,sitting
-873508.6265830001,0.8643519878387451,1.169575570665053,sitting
-873508.619531,0.9384905695915222,1.1608456602187145,sitting
-873508.609332,0.8508301973342896,1.1536454472921922,sitting
-873508.600747,0.8857806921005249,1.1613310095298819,sitting
-873508.589502,0.9810683727264404,1.1543170049175742,sitting
-873508.580938,0.9615797400474548,1.1644736922027863,sitting
-873508.574839,0.8462309241294861,1.171055495234481,sitting
-873508.567473,1.0,1.1687935952210378,sitting
-873508.557699,0.9221878051757812,1.1717217168836487,sitting
-873508.54914,0.8481665253639221,1.163380671003472,sitting
-873508.53847,0.9487200975418091,1.1694158722526993,sitting
-873508.531725,1.0,1.1734449334306083,sitting
-873508.52564,0.8963470458984375,1.1677958750616044,sitting
-873508.518174,0.956934928894043,1.1663975084846494,sitting
-873508.511784,0.915360152721405,1.1667867281242001,sitting
-873508.503443,0.9347354173660278,1.2012451922649814,sitting
-873508.495148,1.0,1.1788474897325014,sitting
-873508.4880830001,0.9780881404876709,1.1792510507647944,sitting
-873508.480168,0.9268651008605957,1.1889064637377396,sitting
-873508.4734070001,0.913923978805542,1.2290409292532862,sitting
-873508.465462,0.8922814130783081,1.2340917994732212,sitting
-873508.453794,0.9506358504295349,1.1861925724985487,sitting
-873508.4493420001,1.0,1.1939330330483684,sitting
-873508.441446,1.0,1.177511075975123,sitting
-873508.433461,0.998371422290802,1.1879549733957484,sitting
-873508.425271,1.0,1.1781642439691749,sitting
-873508.417335,0.8855685591697693,1.180650622302616,sitting
-873508.409305,0.9230230450630188,1.1922515643059133,sitting
-873508.401394,1.0,1.1783371358802595,sitting
-873508.392629,1.0,1.1942266082278352,sitting
-873508.385321,0.9165554642677307,1.1957861545092117,sitting
-873508.376651,1.0,1.1881781030490308,sitting
-873508.369425,0.9145293831825256,1.1940839696215653,sitting
-873508.361349,1.0,1.188684865987669,sitting
-873508.353487,0.9854428768157959,1.2165275494919112,sitting
-873508.34537,0.9915346503257751,1.1971785181484966,sitting
-873508.337435,1.0,1.204838787730334,sitting
-873508.329444,1.0,1.2090356222097864,sitting
-873508.321413,0.9832661747932434,1.221271614771255,sitting
-873508.313264,1.0,1.2086481881692905,sitting
-873508.305248,1.0,1.224156994878208,sitting
-873508.295796,1.0,1.2174454493563402,sitting
-873508.288274,0.8812174201011658,1.2140617100377966,sitting
-873508.280905,0.9984565377235413,1.2240899198167101,sitting
-873508.273439,1.0,1.215248570441457,sitting
-873508.2654660001,1.0,1.2258662188032177,sitting
-873508.255648,0.9293435215950012,1.2254244380677135,sitting
-873508.247677,1.0,1.2313095648166414,sitting
-873508.23878,1.0,1.2126371345907945,sitting
-873508.227953,0.9876443147659302,1.2297985520769976,sitting
-873508.213016,0.8948940634727478,1.2687159035515139,sitting
-873508.20043,0.6,1.1995043058358128,sitting
-873508.185716,0.6,1.2140454731285009,sitting
-873508.172459,0.6,1.2057930771618457,sitting
-873508.15643,0.6,1.2166683936213634,sitting
-873508.141556,0.6,1.2431123111112408,sitting
-873508.131592,0.6,1.221550924154902,sitting
-873508.122247,0.6,1.2281997972975467,sitting
-873508.114851,0.6,1.2184020370543718,sitting
-873508.103623,0.6,1.1975292165934697,sitting
-873508.091558,0.6,1.2064970478752182,sitting
-873508.079917,0.6,1.2081379609517957,sitting
-873508.064401,0.6,1.2130697067060696,sitting
-873508.05164,0.6,1.2244501894899833,sitting
-873508.043617,0.6,1.2195074284024208,sitting
-873508.037418,0.6,1.2093830628228122,sitting
-873508.029416,0.99,1.210449844888433,sitting
-873508.0213370001,1.0,1.2158401101066696,sitting
-873508.009313,1.0,1.2176130441738118,sitting
-873507.999614,0.9317817687988281,1.2120331020867097,sitting
-873507.988179,0.9868775606155396,1.194838700858805,sitting
-873507.977893,0.934272289276123,1.2035640828921537,sitting
-873507.967024,0.9527178406715393,1.205122776810335,sitting
-873507.959533,0.8094852566719055,1.1978736482928376,sitting
-873507.948971,0.99,1.196545618691764,sitting
-873507.939156,0.9142849445343018,1.2029502811671708,sitting
-873507.931809,0.8927454948425293,1.2011172254474674,sitting
-873507.923389,0.9283444285392761,1.2005616520373321,sitting
-873507.9174200001,0.7971113920211792,1.1896585651936897,sitting
-873507.9092700001,0.8668811917304993,1.1778053176841587,sitting
-873507.899292,0.9740896821022034,1.198733215994265,sitting
-873507.893287,0.8557124137878418,1.1887837951269744,sitting
-873507.883737,0.8676207661628723,1.192389538029322,sitting
-873507.8773180001,0.8407196402549744,1.191223115357356,sitting
-873507.869457,0.8250619769096375,1.177629290335128,sitting
-873507.861347,0.8444763422012329,1.1792236278596224,sitting
-873507.850973,0.9502894878387451,1.169762170100006,sitting
-873507.845152,0.9105174541473389,1.1726347934471537,sitting
-873507.836281,0.7896159887313843,1.1700954697504562,sitting
-873507.8272470001,0.8754135966300964,1.1811003289319677,sitting
-873507.819704,0.860074520111084,1.1674330199428375,sitting
-873507.812788,0.8081037998199463,1.1727875391047036,sitting
-873507.805221,0.9056012630462646,1.1669728510921296,sitting
-873507.7965160001,0.8613716959953308,1.1704029554916215,sitting
-873507.787545,1.0,1.162062778760074,sitting
-873507.775988,0.9643944501876831,1.1562235644053622,sitting
-873507.767261,0.9732193350791931,1.1472141380840712,sitting
-873507.759384,1.0,1.1552381027934566,sitting
-873507.7525610001,0.872185468673706,1.1612710351172022,sitting
-873507.742371,0.928534209728241,1.1414946683162999,sitting
-873507.735854,0.9234591126441956,1.150054325178556,sitting
-873507.72851,0.890840470790863,1.1526079229629258,sitting
-873507.720144,0.9116617441177368,1.126287945099116,sitting
-873507.714118,0.8870079517364502,1.1150492426028493,sitting
-873507.708794,1.0,1.107392204037318,sitting
-873507.699685,0.9886241555213928,1.122818671232682,sitting
-873507.693327,0.560999088161317,1.2736714211821263,sitting
-873507.685471,0.2250164123479603,1.2337491775369935,sitting
-873507.67304,0.3043089112125061,1.2957182213593033,sitting
-873507.665451,0.43289507783977293,1.35244838946167,sitting
-873507.653897,0.3629314034638858,1.065367706786112,sitting
-873507.641469,0.40216463472340513,1.1901624000814057,sitting
-873507.6255750001,0.295842794467705,1.1446137988136171,sitting
-873507.611916,0.23611009412434922,1.4040809981795679,sitting
-873507.598342,0.2702260720816012,1.1584927995560452,sitting
-873507.58779,0.30898827868645096,1.4878826953528463,sitting
-873507.575453,0.41061618010431805,1.30807122521274,sitting
-873507.557882,0.48874075007295464,1.4184722281950228,sitting
-873507.544837,0.5966371481859022,1.3578802540423305,sitting
-873507.53736,0.99,1.1530940301297554,sitting
-873507.5295150001,0.7403599619865417,1.2148161797210455,sitting
-873507.521235,0.7469292283058167,1.1473557644285175,sitting
-873507.513376,0.7891432642936707,1.1001574090711164,sitting
-873507.503106,0.9062023162841797,1.1166344369465842,sitting
-873507.490538,0.8596656918525696,1.102475983816932,sitting
-873507.4820440001,0.8767200112342834,1.124249502027062,sitting
-873507.47568,0.8572827577590942,1.113141305699823,sitting
-873507.4668170001,0.9263409376144409,1.113475533862554,sitting
-873507.459802,0.8419472575187683,1.126943417643492,sitting
-873507.452304,0.7265402674674988,1.1324612713105262,sitting
-873507.4432,0.8612396717071533,1.148367346818008,sitting
-873507.4332120001,0.8448694348335266,1.1788114761578985,sitting
-873507.423243,0.852141797542572,1.1495871060374743,sitting
-873507.415075,0.7584624290466309,1.1625540818912183,sitting
-873507.409278,0.7443153262138367,1.183977299406127,sitting
-873507.401422,0.8534513115882874,1.1643609857518777,sitting
-873507.392934,0.7528465986251831,1.1599689839000997,sitting
-873507.385226,0.7554221153259277,1.1608575169309807,sitting
-873507.377228,0.7239775657653809,1.170444101026638,sitting
-873507.368869,0.7543013691902161,1.1566732407895541,sitting
-873507.36136,0.8066302537918091,1.174686579214359,sitting
-873507.351863,0.8515440225601196,1.1673085793209208,sitting
-873507.345495,0.7833470702171326,1.1593802544722438,sitting
-873507.337181,0.789803147315979,1.1684953324507137,sitting
-873507.3279190001,0.7671172618865967,1.2748158184751812,sitting
-873507.319891,0.43583699003946186,1.259471402551421,sitting
-873507.30495,0.99,1.2125634437306574,sitting
-873507.290851,1.0,1.211594242467252,sitting
-873507.2811820001,1.0,1.2406164525226728,sitting
-873507.273334,0.9184253811836243,1.2156820071098107,sitting
-873507.262159,0.9129191637039185,1.2076089612275718,sitting
-873507.254214,0.9663570523262024,1.2122149414453993,sitting
-873507.246472,0.8667417764663696,1.2166478653602564,sitting
-873507.2338790001,0.9377332329750061,1.2175958012558286,sitting
-873507.224703,0.9386420845985413,1.2096244904852713,sitting
-873507.21618,0.9097223877906799,1.2172553399239376,sitting
-873507.205324,0.8874752521514893,1.2101585613058892,sitting
-873507.195353,0.9647169709205627,1.2181450608587379,sitting
-873507.187698,0.8853851556777954,1.2024218117002903,sitting
-873507.178258,0.9175722002983093,1.2142297306495906,sitting
-873507.168384,0.9852191209793091,1.2098470478641294,sitting
-873507.1551880001,0.9184891581535339,1.2293228890886492,sitting
-873507.142586,0.9613351821899414,1.22750088523527,sitting
-873507.133515,1.0,1.2504626957454024,sitting
-873507.126223,0.9123263359069824,1.2648016632995143,sitting
-873507.114961,0.8967057466506958,1.2357235390353716,sitting
-873507.109258,0.9136020541191101,1.2114866110255518,sitting
-873507.10007,0.8810405731201172,1.2307554055526522,sitting
-873507.08951,0.8723663687705994,1.2091238468672452,sitting
-873507.081409,0.9590409994125366,1.2044395234180976,sitting
-873507.071129,0.9178628921508789,1.1949721116047614,sitting
-873507.062734,0.9265034198760986,1.1942695444618225,sitting
-873507.054655,0.8465971350669861,1.2116293967323912,sitting
-873507.04624,0.9235633611679077,1.235703329461054,sitting
-873507.041195,0.8418949246406555,1.198809895625323,sitting
-873507.032915,0.8973418474197388,1.2159053243650417,sitting
-873507.026099,0.8825356960296631,1.1999245383734563,sitting
-873507.017338,0.8949275612831116,1.1956715609679862,sitting
-873507.012111,0.8091804385185242,1.2055626235595227,sitting
-873507.004767,0.8825356960296631,1.2003669666319308,sitting
-873506.996734,0.866474449634552,1.1993885586990407,sitting
-873506.989348,0.9555001854896545,1.1958777496581119,sitting
-873506.9812180001,0.9906067252159119,1.1917101341542304,sitting
-873506.972385,0.9690719246864319,1.1882599822907087,sitting
-873506.9652270001,0.8830291628837585,1.196242369629553,sitting
-873506.957252,0.8162038922309875,1.1982102328398114,sitting
-873506.945217,0.8371996879577637,1.188993706350339,sitting
-873506.93466,0.868205189704895,1.2009181779826146,sitting
-873506.925838,0.8789958357810974,1.218365032230781,sitting
-873506.916796,0.970580518245697,1.1812603435488032,sitting
-873506.905424,0.8822550773620605,1.178512433665221,sitting
-873506.898555,0.8374493718147278,1.183592300554023,sitting
-873506.886494,0.7893545627593994,1.2070759474898414,sitting
-873506.879903,0.8744081854820251,1.2051918352622226,sitting
-873506.870906,0.883723795413971,1.1820236214119735,sitting
-873506.8623030001,0.8399696350097656,1.1828532082822019,sitting
-873506.855783,0.9373594522476196,1.1822798276992237,sitting
-873506.843552,0.8875499367713928,1.1804016140175566,sitting
-873506.834535,1.0,1.191358022281677,sitting
-873506.8264970001,0.9084017276763916,1.180924609511825,sitting
-873506.817535,0.9344373345375061,1.1901946067427311,sitting
-873506.807018,0.8121708631515503,1.176699204168496,sitting
-873506.799945,0.8974197506904602,1.1726970769530118,sitting
-873506.791266,0.897799551486969,1.18312117623507,sitting
-873506.7818540001,0.8780468702316284,1.1845616698425943,sitting
-873506.775181,0.9600985050201416,1.1782369171783813,sitting
-873506.766542,0.9047138690948486,1.1888117831800966,sitting
-873506.757999,0.9126073122024536,1.208390324261038,sitting
-873506.748952,0.9040164351463318,1.1774559557663755,sitting
-873506.737342,0.8359905481338501,1.2275691655052987,sitting
-873506.729453,0.9178492426872253,1.1910254437948966,sitting
-873506.721429,0.843410313129425,1.1859291966320358,sitting
-873506.712248,0.9680377840995789,1.210936539625238,sitting
-873506.703564,0.8584848046302795,1.2255979098858534,sitting
-873506.696876,0.913098931312561,1.2021296689915681,sitting
-873506.688834,0.9087126851081848,1.2120667031284378,sitting
-873506.6813940001,0.8746336102485657,1.2106954646231816,sitting
-873506.6735040001,0.8707212209701538,1.218848822227581,sitting
-873506.665413,0.965029239654541,1.2114380288336677,sitting
-873506.656875,0.8502421975135803,1.216246266164092,sitting
-873506.648556,0.9450690150260925,1.2136413054263122,sitting
-873506.641192,0.9512385725975037,1.226256454051169,sitting
-873506.633212,0.7521932721138,1.2420563195755232,sitting
-873506.625028,1.0,1.2292264446703807,sitting
-873506.61552,0.4298351352076424,1.452621737604459,sitting
-873506.60323,0.3474221930210789,1.3302257854257094,sitting
-873506.589574,0.27895471465087374,1.3170281929669092,sitting
-873506.577793,0.3121526369821828,1.3873784576626926,sitting
-873506.565892,0.3075637933402529,1.2868662254211056,sitting
-873506.552231,0.3230852981600025,1.4902821670455841,sitting
-873506.539753,0.3870790259324324,1.3550493599043287,sitting
-873506.5299740001,0.7037815879368209,0.953731404166164,sitting
-873506.518749,0.2616175496933266,1.3836913506252198,sitting
-873506.508871,0.3331713324862071,1.2899063711076564,sitting
-873506.502543,0.3544120229080805,1.3386790762682308,sitting
-873506.4938010001,0.44194181864354315,1.2495619196208452,sitting
-873506.485568,0.4183351620311732,1.353498992480639,sitting
-873506.475575,0.7252867221832275,1.2707964603486346,sitting
-873506.469351,0.42091515361777715,1.3867967742270122,sitting
-873506.4589590001,0.4263424857573516,1.2324420638496028,sitting
-873506.451328,0.4371575486591341,1.2638599938319706,sitting
-873506.443039,0.7011584043502808,1.359415508591585,sitting
-873506.437209,0.3442293796987722,1.438277988088792,sitting
-873506.427843,0.4622664556445119,1.3896679737307682,sitting
-873506.41724,0.33523484172734325,1.4442318210928806,sitting
-873506.404448,0.28425914493544324,1.466924894798114,sitting
-873506.395659,0.331042517959149,1.471636887495174,sitting
-873506.38799,0.294105264569814,1.5133164442633622,sitting
-873506.380582,0.2978242675932243,1.570915889436935,sitting
-873506.372231,0.3419148089135452,0.980657547423581,sitting
-873506.364577,0.40523449069965994,0.9778262786828411,sitting
-873506.359103,0.28600314410527705,1.460120970679121,sitting
-873506.35305,0.35507145519992483,1.0974277064976903,sitting
-873506.343127,0.3551615225694648,1.4813094404176694,sitting
-873506.331843,0.32248401975264973,1.423980565990656,sitting
-873506.322349,0.34505089650889786,1.48481378676825,sitting
-873506.316259,0.36457150336212346,1.2876565825145634,sitting
-873506.3062090001,0.3722643635965892,1.4967855011760292,sitting
-873506.29797,0.99,1.2595732799725834,sitting
-873506.292667,0.7186312079429626,1.265499861304864,sitting
-873506.288269,0.8373056650161743,1.2793531888979546,sitting
-873506.281394,0.8425470590591431,1.274841411810275,sitting
-873506.26945,0.78631192445755,1.2525621154377777,sitting
-873506.261486,0.7191156148910522,1.2650578939986135,sitting
-873506.253408,0.8372951149940491,1.2642813118251621,sitting
-873506.245355,0.8326408267021179,1.3283311383220342,sitting
-873506.236416,0.4284565706150391,1.2494442347056438,sitting
-873506.227281,0.6,1.2808338531584482,sitting
-873506.215819,0.48058148281784663,1.3250945618788514,sitting
-873506.202392,0.45794264533673235,1.4551928966527936,sitting
-873506.19062,0.4410368961062028,1.23327818782723,sitting
-873506.181605,0.99,1.2815794902935225,sitting
-873506.176839,0.9048434495925903,1.277535650989377,sitting
-873506.1734130001,0.8230394721031189,1.291967167107729,sitting
-873506.16527,0.8708103895187378,1.2791478762052368,sitting
-873506.155888,0.8864272236824036,1.2852816165595988,sitting
-873506.148358,0.9105908274650574,1.2924227867154547,sitting
-873506.140923,0.8590895533561707,1.3185545517104367,sitting
-873506.132099,0.7910336256027222,1.3129670524194004,sitting
-873506.122116,0.8274449706077576,1.3176335603945617,sitting
-873506.112971,0.9468994140625,1.3302087042764206,sitting
-873506.104462,0.8280518651008606,1.3010011352050386,sitting
-873506.093976,0.7806592583656311,1.2970566999999518,sitting
-873506.086018,0.7614017128944397,1.3002411819993105,sitting
-873506.076776,0.8552981615066528,1.309134225900067,sitting
-873506.068513,0.8099226355552673,1.2783090398845034,sitting
-873506.0611,0.897632360458374,1.2708771742867078,sitting
-873506.053426,0.7892247438430786,1.278715534450316,sitting
-873506.045427,0.8293883800506592,1.268659259440105,sitting
-873506.037072,0.9040607213973999,1.293619292618359,sitting
-873506.029163,0.8573320508003235,1.2761036827294507,sitting
-873506.020631,0.7546527981758118,1.2739798340140767,sitting
-873506.009316,0.7877734899520874,1.301933892544933,sitting
-873506.0007420001,0.9129107594490051,1.2878861623441256,sitting
-873505.988293,0.9395858645439148,1.312296724223279,sitting
-873505.979227,0.9723536968231201,1.3276592520167094,sitting
-873505.967839,0.9056364297866821,1.2992804149520651,sitting
-873505.959503,1.0,1.2755332034747315,sitting
