version https://git-lfs.github.com/spec/v1
oid sha256:c9d486a1cc594b27d4457a136a9538b59f186413ad60204c648b65180cd9e340
size 611316
