Timestamp,Confidence,Diameter,Event
188966.560577,0.7811896204948425,30.78602409362793,default
188966.56795199998,0.7602272033691406,30.56706428527832,default
188966.577192,0.6973961591720581,30.587785720825195,default
188966.595587,0.7096214890480042,30.735328674316406,default
188966.60848199998,0.8652422428131104,30.47625732421875,default
188966.61781499998,0.7901084423065186,30.679487228393555,default
188966.63178,0.6447374820709229,30.383792877197266,default
188966.65541399998,0.7134648561477661,31.322376251220703,default
188966.665197,0.6605598330497742,31.09836196899414,default
188966.688091,0.6619362235069275,31.221731185913086,default
188966.71362499997,0.7801483869552612,31.84357452392578,default
188966.722708,0.7243384718894958,31.828527450561523,default
188966.73483499998,0.7527734041213989,31.535566329956055,default
188966.74379699997,0.6767547726631165,31.918935775756836,default
188966.76861799997,0.7509167790412903,31.963232040405273,default
188966.778444,0.7269852757453918,31.625255584716797,default
188966.78488199998,0.6982538104057312,31.57402992248535,default
188966.80967699998,0.6757381558418274,31.538551330566406,default
188966.83382,0.7716729640960693,31.701255798339844,default
188966.84330399998,0.7465631365776062,31.646081924438477,default
188966.85507,0.6423786282539368,31.64422035217285,default
188966.879708,0.6791341304779053,31.983766555786133,default
188966.904851,0.7977046370506287,32.303443908691406,default
188966.915907,0.9307712912559509,32.42800521850586,default
188966.92948299999,0.8132930397987366,32.97215270996094,default
188966.93908399998,0.8862040638923645,32.841007232666016,default
188966.95170799998,0.836010754108429,32.50285720825195,default
188966.96169099997,0.7895273566246033,31.64408302307129,default
188966.970943,0.7202927470207214,31.40248680114746,default
188966.983865,0.8322716951370239,31.380876541137695,default
188966.994735,0.7643848061561584,31.198928833007812,default
188967.006,0.7274500727653503,31.17694091796875,default
188967.01689099998,0.7494036555290222,30.930118560791016,default
188967.02923199997,0.6597568988800049,31.495981216430664,default
188967.04539599997,0.8303236961364746,31.011079788208008,default
188967.055834,0.7766211628913879,31.55291175842285,default
188967.07116999998,0.8138508796691895,31.94342041015625,default
188967.082042,0.0,0.0,default
188967.10230799997,0.7018889515931038,32.59484100341797,default
188967.113732,0.9579493999481201,32.556636810302734,default
188967.125886,0.8231459856033325,32.515708923339844,default
188967.135983,0.9518532752990723,32.29875564575195,default
188967.15021999998,0.8847935199737549,33.25748062133789,default
188967.162234,0.8750457167625427,33.6981086730957,default
188967.175754,0.8937124013900757,34.014766693115234,default
188967.18467,0.9518516659736633,34.2224235534668,default
188967.198017,0.9797950983047485,34.66865158081055,default
188967.20901199998,0.9294248819351196,34.11583709716797,default
188967.21761599998,0.9382070899009705,34.39482116699219,default
188967.23200599998,0.9025067090988159,34.330081939697266,default
188967.243314,0.8490709066390991,34.426780700683594,default
188967.26788499998,0.9843689203262329,34.1795539855957,default
188967.28151099998,0.9582935571670532,34.9105339050293,default
188967.292077,0.9525403380393982,34.49160385131836,default
188967.30427099997,0.909058690071106,34.25449752807617,default
188967.31432799998,1.0,34.19798278808594,default
188967.32499,0.9419570565223694,34.10722732543945,default
188967.33320599998,0.851010799407959,34.47186279296875,default
188967.34404599998,0.8445631861686707,34.660728454589844,default
188967.353771,0.9431077837944031,34.33626937866211,default
188967.364198,0.9558230042457581,34.41607666015625,default
188967.37477099997,0.913308322429657,34.4772834777832,default
188967.387084,0.8902429938316345,34.48922348022461,default
188967.39762499998,0.9090496897697449,34.65771484375,default
188967.40847199998,0.9435544013977051,34.50008773803711,default
188967.417979,0.9904589056968689,34.24281692504883,default
188967.428188,0.8724479675292969,34.34980392456055,default
188967.44199499997,0.8919757008552551,35.1829719543457,default
188967.451644,0.8329286575317383,34.79796600341797,default
188967.463489,0.8597747087478638,34.442745208740234,default
188967.474058,0.852959156036377,34.49120330810547,default
188967.486376,0.9512812495231628,34.46475601196289,default
188967.49636699999,0.9379124641418457,34.442710876464844,default
188967.509463,0.789048969745636,34.896785736083984,default
188967.51935199997,0.8298799395561218,34.959285736083984,default
188967.532232,0.9950020909309387,34.45215606689453,default
188967.54127599997,0.9911711812019348,34.54842758178711,default
188967.554239,0.9256086945533752,34.53978729248047,default
188967.56963999997,0.8974106907844543,34.984458923339844,default
188967.580623,0.8857414126396179,34.816314697265625,default
188967.592836,0.9639540910720825,35.17918395996094,default
188967.602578,0.9078899621963501,34.55581283569336,default
188967.61421,0.8398267030715942,34.92744827270508,default
188967.62227999998,0.9342224597930908,34.513614654541016,default
188967.63119299998,0.9387983083724976,34.430458068847656,default
188967.64493299997,0.9870093464851379,34.296852111816406,default
188967.65437499998,1.0,34.02870178222656,default
188967.667623,0.9865667819976807,34.3377571105957,default
188967.678551,0.9196310639381409,34.10636520385742,default
188967.68813499997,0.978314995765686,34.50061798095703,default
188967.701778,0.8979825377464294,34.558799743652344,default
188967.71187099998,0.913076639175415,34.10091018676758,default
188967.72381099997,0.8642168045043945,34.55208969116211,default
188967.73330199998,1.0,34.28886795043945,default
188967.74255899998,0.9166192412376404,33.99592590332031,default
188967.75643699997,0.9207311868667603,34.09855651855469,default
188967.76642399997,0.9104230403900146,34.27074432373047,default
188967.77590699997,0.9587512612342834,34.39181137084961,default
188967.78807299997,0.9401960968971252,34.352149963378906,default
188967.79830599998,0.9377350807189941,34.360652923583984,default
188967.812388,1.0,33.89392852783203,default
188967.825675,0.8803485035896301,33.7887077331543,default
188967.83743999997,0.9081842303276062,33.55186462402344,default
188967.85068499998,0.9389410018920898,33.961246490478516,default
188967.85824799997,0.8987598419189453,34.354400634765625,default
188967.86819799998,0.8170499205589294,34.471439361572266,default
188967.87983599998,0.8618568778038025,33.93989944458008,default
188967.889849,0.8341249823570251,34.048439025878906,default
188967.902572,0.9339662194252014,34.209957122802734,default
188967.91237099998,0.8993787169456482,33.868038177490234,default
188967.92581,0.9220355749130249,34.265743255615234,default
188967.938279,0.9419252276420593,33.870731353759766,default
188967.948755,0.9153605699539185,33.96925354003906,default
188967.95884699997,0.9485740661621094,33.56251907348633,default
188967.970634,0.8265478014945984,33.66879653930664,default
188967.980556,0.9521744847297668,34.07597351074219,default
188967.991731,0.8484814167022705,33.76797866821289,default
188968.002323,0.9270519614219666,34.608299255371094,default
188968.01220099998,0.8630891442298889,34.710243225097656,default
188968.024576,0.939476490020752,34.767578125,default
188968.038087,0.8999529480934143,34.65122604370117,default
188968.04827,0.9313935041427612,34.74171829223633,default
188968.062091,0.840495765209198,34.91121292114258,default
188968.07335899997,0.7976866960525513,35.29527282714844,default
188968.08732299999,0.7178230881690979,35.42802047729492,default
188968.09729799998,0.8955725431442261,35.372222900390625,default
188968.10982699998,0.8882647752761841,34.833900451660156,default
188968.119687,0.8956253528594971,34.85774612426758,default
188968.12983599998,0.834336519241333,35.44996643066406,default
188968.142115,0.960237443447113,34.9376220703125,default
188968.152289,0.8559414744377136,34.9643669128418,default
188968.166213,0.956836462020874,34.967071533203125,default
188968.17585799997,0.864333987236023,35.19232177734375,default
188968.185332,0.7521833181381226,36.22038269042969,default
188968.19724399998,0.7723627686500549,35.8101692199707,default
188968.20752499998,0.7858847379684448,35.455753326416016,default
188968.218956,0.8433180451393127,35.905250549316406,default
188968.228141,0.638878345489502,35.940731048583984,default
188968.250197,0.6528388261795044,36.049102783203125,default
188968.271472,0.5380203127861023,35.912322998046875,default
188968.291894,0.6175533533096313,35.307212829589844,default
188968.314467,0.6692714095115662,35.532432556152344,default
188968.333975,0.663462221622467,35.888710021972656,default
188968.352058,0.7164663076400757,36.00847625732422,default
188968.366438,0.6547921895980835,36.15841293334961,default
188968.39035799998,0.7178792953491211,35.67939376831055,default
188968.400366,0.7547129392623901,36.11086654663086,default
188968.40972199998,0.7156111001968384,35.086299896240234,default
188968.422257,0.8489226698875427,35.76032638549805,default
188968.431166,0.7854928970336914,34.69023132324219,default
188968.44604799998,0.8350984454154968,35.000335693359375,default
188968.456097,0.8236017823219299,34.76726150512695,default
188968.46812799998,0.7345984578132629,34.53080368041992,default
188968.47877,0.6976670026779175,34.00212860107422,default
188968.502385,0.9231053590774536,33.226070404052734,default
188968.516464,0.8077921867370605,31.67011260986328,default
188968.530924,0.8655698299407959,30.610137939453125,default
188968.54053,0.9003478288650513,30.62557029724121,default
188968.55416799997,0.8626177906990051,30.777179718017578,default
188968.56382399998,0.7571088671684265,30.904781341552734,default
188968.578056,0.7567963600158691,31.020980834960938,default
188968.593114,0.7148227691650391,30.689403533935547,default
188968.606855,0.8249354362487793,30.93544578552246,default
188968.616151,0.7838284969329834,31.692001342773438,default
188968.628763,0.7973491549491882,31.411657333374023,default
188968.638767,0.71016925573349,31.523666381835938,default
188968.650451,0.6030983924865723,30.739402770996094,default
188968.670988,0.6766002774238586,30.76569175720215,default
188968.69251499997,0.7363368272781372,31.48925018310547,default
188968.701744,0.8733119964599609,32.510372161865234,default
188968.71122599998,0.8403199911117554,33.51309585571289,default
188968.724437,0.9676886796951294,33.8535270690918,default
188968.737615,0.9171813726425171,33.058143615722656,default
188968.755541,0.8994578123092651,32.96495819091797,default
188968.762093,0.8341378569602966,32.88291549682617,default
188968.775523,0.9980225563049316,33.074710845947266,default
188968.78536799998,1.0,33.41495132446289,default
188968.79527899998,1.0,34.09209060668945,default
188968.801166,0.9762933850288391,33.01636505126953,default
188968.810409,0.9842886328697205,32.69501495361328,default
188968.822621,0.8482585549354553,32.28168487548828,default
188968.83670299998,1.0,32.376956939697266,default
188968.84689299998,0.9784905314445496,32.40275192260742,default
188968.857219,0.8533378839492798,32.74518585205078,default
188968.86937499998,0.8417315483093262,32.31803512573242,default
188968.87946199998,0.9287384152412415,32.5197639465332,default
188968.889524,0.9902489185333252,33.145626068115234,default
188968.901663,1.0,32.91690444946289,default
188968.91254699999,1.0,33.436763763427734,default
188968.92523899997,0.9779825806617737,33.08604049682617,default
188968.939227,0.8819507956504822,32.878726959228516,default
188968.949366,0.9013776779174805,32.918434143066406,default
188968.961853,0.8410462141036987,32.63467788696289,default
188968.972897,0.9354591965675354,32.446372985839844,default
188968.985841,0.9013907313346863,32.60796356201172,default
188968.995553,0.9058883190155029,32.58575439453125,default
188969.00776699997,0.810903787612915,32.89072799682617,default
188969.02059899998,0.8805356025695801,33.16808319091797,default
188969.030106,0.8186818957328796,32.857398986816406,default
188969.03957599998,0.9338445663452148,33.12092971801758,default
188969.05311299997,0.9583696126937866,33.20124435424805,default
188969.06298699998,0.9439620971679688,33.16838073730469,default
188969.07288599998,0.8634935021400452,33.15468215942383,default
188969.086486,0.9144889712333679,33.03878402709961,default
188969.096685,0.8572673797607422,33.060787200927734,default
188969.10706799998,0.9014003872871399,33.005699157714844,default
188969.12040699998,0.7391440272331238,32.80107879638672,default
188969.131165,0.8924495577812195,32.56855392456055,default
188969.141037,0.9212284088134766,32.60817337036133,default
188969.148995,0.9331241250038147,32.51506042480469,default
188969.15799799998,0.8684055805206299,31.80042839050293,default
188969.17254499998,0.5869527459144592,30.420482635498047,default
188969.19201799997,0.0,25.86509895324707,default
188969.22452,0.0,0.0,default
188969.247468,0.0,0.0,default
188969.266958,0.0,0.0,default
188969.295819,0.0,0.0,default
188969.32397899998,0.99,18.623563766479492,default
188969.35056299999,0.6075929403305054,19.15144157409668,default
188969.370176,0.51519376039505,19.928752899169922,default
188969.39010599998,0.7712579369544983,19.721460342407227,default
188969.40105299998,0.6850312352180481,20.6533260345459,default
188969.41578299997,0.6547728776931763,21.893144607543945,default
188969.43348399998,0.5724204182624817,21.841331481933594,default
188969.449509,0.7523781657218933,21.717180252075195,default
188969.459255,0.5799648761749268,22.31780242919922,default
188969.476263,0.6282081007957458,22.56662368774414,default
188969.491827,0.5727927088737488,23.347148895263672,default
188969.508129,0.4812430143356323,23.286388397216797,default
188969.52445199998,0.501282274723053,23.806499481201172,default
188969.53888399998,0.6572567820549011,24.43745994567871,default
188969.55210099998,0.4258051812648773,25.280641555786133,default
188969.56698899998,0.6893546700829142,30.70102882385254,default
188969.58683599997,0.7997849583625793,30.840797424316406,default
188969.60018699997,0.7835994362831116,30.923126220703125,default
188969.60967399998,0.8341453075408936,30.71162986755371,default
188969.619338,0.8874227404594421,30.749601364135742,default
188969.62750099998,0.8317630290985107,31.051122665405273,default
188969.63751899998,0.8580405712127686,30.946949005126953,default
188969.647052,0.8889015316963196,31.19529914855957,default
188969.657724,0.9132131338119507,31.02305030822754,default
188969.66675099998,0.8979606628417969,30.8984317779541,default
188969.680145,0.9541148543357849,31.50935173034668,default
188969.690007,0.8558132648468018,31.055437088012695,default
188969.699149,0.7565703392028809,31.116466522216797,default
188969.71184099998,0.8803316950798035,31.334306716918945,default
188969.722708,0.8697970509529114,31.481033325195312,default
188969.73186099998,0.8980587124824524,31.66509437561035,default
188969.73952799998,0.8590277433395386,31.650470733642578,default
188969.750308,0.8381686806678772,31.503501892089844,default
188969.761118,0.8904570937156677,31.252933502197266,default
188969.772935,0.8165121078491211,31.528472900390625,default
188969.785675,0.8131970763206482,31.575002670288086,default
188969.794951,0.9105172157287598,31.828567504882812,default
188969.80802499998,0.8965209126472473,31.889841079711914,default
188969.81781799998,0.8743846416473389,31.684310913085938,default
188969.830158,0.9335629343986511,31.78681755065918,default
188969.840822,0.9811270833015442,31.627389907836914,default
188969.85290799997,0.911398708820343,31.80928611755371,default
188969.861484,0.960518479347229,31.672481536865234,default
188969.87385399998,0.9038426280021667,31.76941680908203,default
188969.882812,0.953052282333374,31.975244522094727,default
188969.895937,0.8984021544456482,31.927616119384766,default
188969.90455099999,0.8412198424339294,32.091426849365234,default
188969.912788,0.8389714360237122,31.653173446655273,default
188969.925995,0.765324056148529,31.944766998291016,default
188969.93612,0.9451608657836914,31.719255447387695,default
188969.946316,0.8895685076713562,32.06300354003906,default
188969.958658,0.8128817081451416,31.775373458862305,default
188969.96755799997,0.8204745054244995,32.048309326171875,default
188969.980445,0.9522286057472229,32.09146499633789,default
188969.99020899998,0.8305656909942627,31.947383880615234,default
188970.00347499998,0.8884067535400391,31.796754837036133,default
188970.01322899997,0.8625892996788025,31.984525680541992,default
188970.02637099999,0.8662546873092651,31.881799697875977,default
188970.037987,0.8424021601676941,32.00263977050781,default
188970.051158,0.909609317779541,31.782453536987305,default
188970.06122099998,0.8436924815177917,32.10151672363281,default
188970.074924,0.9087359309196472,32.157936096191406,default
188970.08820199998,0.7958604693412781,31.938156127929688,default
188970.095638,0.9146742224693298,32.03635787963867,default
188970.10502699998,0.8551579117774963,31.646677017211914,default
188970.11499799998,0.8707212209701538,31.743316650390625,default
188970.12795999998,0.868922770023346,31.653470993041992,default
188970.137577,0.8379247188568115,31.80586814880371,default
188970.147091,0.8122690916061401,31.250730514526367,default
188970.16012699998,0.8211309909820557,31.242698669433594,default
188970.170208,0.9134442210197449,31.110958099365234,default
188970.180711,0.7960838079452515,31.164806365966797,default
188970.193711,0.7810149192810059,31.581228256225586,default
188970.20814099998,0.8507293462753296,31.286834716796875,default
188970.21715699998,0.8641632795333862,31.223758697509766,default
188970.226259,0.8441285490989685,31.532407760620117,default
188970.23930999998,0.9113797545433044,30.8374080657959,default
188970.25058599998,0.8997364044189453,31.01742172241211,default
188970.263354,0.9003686308860779,31.36211585998535,default
188970.273463,0.7538647651672363,31.805280685424805,default
188970.285984,0.8841392993927002,31.111507415771484,default
188970.296182,0.8597989678382874,31.02385711669922,default
188970.30781499998,0.8539520502090454,31.188945770263672,default
188970.317801,0.8209287524223328,31.238130569458008,default
188970.328842,0.8016140460968018,31.60487174987793,default
188970.33839199998,0.9376034140586853,31.06682777404785,default
188970.348396,0.8672683835029602,31.01303482055664,default
188970.35986,0.7888871431350708,31.052505493164062,default
188970.37363299998,0.8395150303840637,30.887928009033203,default
188970.391217,0.7690012454986572,31.074316024780273,default
188970.40426299997,0.8287282586097717,31.057754516601562,default
188970.41379899997,0.9680742025375366,30.904823303222656,default
188970.42332099998,0.8498018980026245,30.653696060180664,default
188970.43506299998,0.8331168293952942,30.979272842407227,default
188970.444399,0.9719412922859192,30.67411994934082,default
188970.45300399998,0.8869202136993408,30.81454086303711,default
188970.462977,0.8452032804489136,30.85318946838379,default
188970.475469,0.8579269647598267,30.66356658935547,default
188970.48553799998,0.8479105830192566,31.047693252563477,default
188970.49481099998,0.8954091668128967,31.017303466796875,default
188970.505664,0.9073898792266846,30.82445526123047,default
188970.516476,0.8342233300209045,30.91961669921875,default
188970.529292,0.9332299828529358,30.79772186279297,default
188970.539298,0.8418833613395691,30.465925216674805,default
188970.551938,0.8845763206481934,30.55972671508789,default
188970.561445,0.8956336975097656,30.862812042236328,default
188970.570641,0.8403956294059753,30.561182022094727,default
188970.583296,0.8958099484443665,30.66929817199707,default
188970.593306,0.8259599804878235,30.652515411376953,default
188970.606438,0.8742008805274963,30.8469181060791,default
188970.61553799998,0.8853915929794312,31.096975326538086,default
188970.627537,0.8205837607383728,31.170940399169922,default
188970.63655599998,0.8328360915184021,31.109447479248047,default
188970.645922,0.7948448657989502,31.06007957458496,default
188970.660774,0.8991358280181885,30.97265625,default
188970.669555,0.7703592777252197,31.365013122558594,default
188970.68181799998,0.8856644034385681,31.11722755432129,default
188970.689215,0.7396315336227417,31.34592056274414,default
188970.70179199998,0.8561557531356812,31.0010929107666,default
188970.712056,0.8836895823478699,30.9554443359375,default
188970.72188599998,0.862970769405365,31.040224075317383,default
188970.734851,0.7416406869888306,30.94114112854004,default
188970.74486799998,0.8049734234809875,30.88796043395996,default
188970.754984,0.9074583053588867,31.04088592529297,default
188970.768174,0.7475050687789917,31.07697105407715,default
188970.77888499998,0.8357815146446228,30.824268341064453,default
188970.79176999998,0.7741540670394897,31.310531616210938,default
188970.803063,0.8330113887786865,31.14483642578125,default
188970.81425899998,0.7903259992599487,30.994775772094727,default
188970.82447899997,0.7929053902626038,30.880760192871094,default
188970.836571,0.789365291595459,31.528240203857422,default
188970.84754299998,0.8418881893157959,31.264955520629883,default
188970.861389,0.8559380769729614,31.2778263092041,default
188970.87177599999,0.8652462959289551,31.322359085083008,default
188970.88598499997,0.8930123448371887,31.001802444458008,default
188970.89595099998,0.8729283809661865,31.280179977416992,default
188970.90724399997,0.8002867102622986,31.34986686706543,default
188970.916439,0.8166391253471375,31.035226821899414,default
188970.926442,0.8608502745628357,31.25925064086914,default
188970.93274699998,0.8108848333358765,31.358150482177734,default
188970.942667,0.8730279207229614,31.165849685668945,default
188970.952374,0.8271123766899109,31.097475051879883,default
188970.964243,0.827644944190979,31.209815979003906,default
188970.97357099998,0.8178776502609253,31.15079116821289,default
188970.98221699998,0.7980616688728333,31.27387046813965,default
188970.994927,0.9445134997367859,31.045656204223633,default
188971.004292,0.7803961038589478,30.992277145385742,default
188971.014398,0.8012020587921143,31.084497451782227,default
188971.026177,0.7492051124572754,31.153873443603516,default
188971.03656299997,0.8270809054374695,31.094432830810547,default
188971.04772099998,0.8836418986320496,31.001127243041992,default
188971.058088,0.8469136357307434,30.830678939819336,default
188971.07073799998,0.7488330006599426,30.982595443725586,default
188971.08194799998,0.74153733253479,30.585344314575195,default
188971.09230199998,0.8673823475837708,30.783987045288086,default
188971.10502299998,0.8843182325363159,29.89073944091797,default
188971.11449299997,0.7170785665512085,30.251611709594727,default
188971.128599,0.8727800250053406,29.96354866027832,default
188971.14346899997,1.0,29.688274383544922,default
188971.151537,0.8327929377555847,29.801074981689453,default
188971.16199899997,0.763339102268219,29.671646118164062,default
188971.171309,0.7232914566993713,29.524925231933594,default
188971.184618,0.8282568454742432,29.704607009887695,default
188971.196282,0.8529700040817261,29.90639305114746,default
188971.20778099998,0.838935136795044,30.025646209716797,default
188971.21836,0.7713771462440491,29.72846031188965,default
188971.22897,0.7885810732841492,29.688989639282227,default
188971.241987,0.7445386052131653,29.959314346313477,default
188971.252327,0.8383727669715881,29.92256736755371,default
188971.26278299998,0.801019549369812,30.06698226928711,default
188971.275581,0.8307768106460571,30.052051544189453,default
188971.28487399998,0.779093861579895,29.876323699951172,default
188971.29593199998,0.7430001497268677,30.233688354492188,default
188971.30438999998,0.9256591200828552,29.83193016052246,default
188971.315468,0.9233106970787048,30.25788116455078,default
188971.32656199997,0.8606787919998169,29.96491813659668,default
188971.33632499998,0.8019134998321533,30.05185890197754,default
188971.34581,0.6625943779945374,29.835826873779297,default
188971.37658299998,0.7955091595649719,29.97916030883789,default
188971.386806,0.748289942741394,29.975780487060547,default
188971.407668,0.7290757894515991,30.17859649658203,default
188971.42021399998,0.9195888042449951,29.966218948364258,default
188971.429786,0.8046924471855164,30.413957595825195,default
188971.44073899998,0.7192840576171875,30.082950592041016,default
188971.449784,0.7589934468269348,30.522201538085938,default
188971.45949399998,0.6855887770652771,30.644811630249023,default
188971.48437899997,0.7542965412139893,30.174375534057617,default
188971.495019,0.7731268405914307,30.402538299560547,default
188971.505523,0.7070010304450989,30.622217178344727,default
188971.513288,0.8221080899238586,30.593965530395508,default
188971.523349,0.832706868648529,30.0782413482666,default
188971.535974,0.8594065308570862,30.182289123535156,default
188971.54549699998,0.7902362942695618,30.274368286132812,default
188971.55480399998,0.6985571384429932,30.27613067626953,default
188971.582237,0.7653070092201233,30.365848541259766,default
188971.59408399998,0.7502460479736328,30.312740325927734,default
188971.60406299998,0.7738198637962341,30.065704345703125,default
188971.61855599997,0.8926874995231628,30.31991958618164,default
188971.628461,0.8025522232055664,30.03696060180664,default
188971.63959399998,0.8455700278282166,30.020395278930664,default
188971.64919099997,0.802955150604248,30.268909454345703,default
188971.66151499999,0.8795639276504517,30.20363426208496,default
188971.67268299998,0.8345705270767212,30.079648971557617,default
188971.685488,0.8260638117790222,30.08007049560547,default
188971.69614199997,0.7813291549682617,30.110416412353516,default
188971.70827499998,0.7970032095909119,30.03120231628418,default
188971.71844899998,0.8572686910629272,30.209392547607422,default
188971.73121899998,0.8911540508270264,30.6114501953125,default
188971.742152,0.7765479683876038,30.111038208007812,default
188971.755934,0.8801376223564148,30.238515853881836,default
188971.76734599998,0.7969078421592712,30.176368713378906,default
188971.779274,0.7776047587394714,30.220115661621094,default
188971.78904099998,0.7896870970726013,30.21060562133789,default
188971.80191299997,0.7962683439254761,30.190004348754883,default
188971.818186,0.7389687895774841,30.363449096679688,default
188971.83089299998,0.887150764465332,30.1610107421875,default
188971.843802,0.8198023438453674,30.343963623046875,default
188971.858059,0.8132303953170776,30.33738899230957,default
188971.86697899998,0.8784342408180237,30.13376235961914,default
188971.87819,0.9444342255592346,29.967912673950195,default
188971.89112699998,0.9546246528625488,30.03270149230957,default
188971.90235999998,0.9425860047340393,30.045278549194336,default
188971.91172399998,0.82876056432724,30.08133888244629,default
188971.924832,0.8935288786888123,29.98272132873535,default
188971.938083,0.7817543745040894,30.022703170776367,default
188971.948709,0.816557765007019,29.962421417236328,default
188971.95911199998,0.7984121441841125,30.246009826660156,default
188971.972938,0.8770931959152222,31.03887939453125,default
188971.97910499998,0.9014846682548523,30.870014190673828,default
188971.990462,0.9085773825645447,30.55803108215332,default
188971.99698199998,0.9002842307090759,30.37053108215332,default
188972.009241,0.8177701830863953,30.09949493408203,default
188972.018805,0.719042181968689,30.326953887939453,default
188972.02913299997,0.7837034463882446,30.013639450073242,default
188972.041756,0.7369667887687683,30.17136573791504,default
188972.05126699997,0.8611760139465332,29.954566955566406,default
188972.06117499998,0.7573394179344177,30.400842666625977,default
188972.075124,0.8092003464698792,30.569046020507812,default
188972.08683599997,0.8088756203651428,30.336746215820312,default
188972.095817,0.7498775124549866,30.33011817932129,default
188972.10611499997,0.7659978866577148,30.62065315246582,default
188972.11391,0.8466591238975525,30.14029312133789,default
188972.12715199997,0.8885179758071899,30.5708065032959,default
188972.138598,0.7662237882614136,30.736604690551758,default
188972.151727,0.82761150598526,30.336854934692383,default
188972.16189999998,0.7797869443893433,30.661666870117188,default
188972.17482599997,0.8753606677055359,30.91309928894043,default
188972.186608,0.9077453017234802,31.067272186279297,default
188972.199513,0.7300729751586914,30.624574661254883,default
188972.20712399998,0.7762748003005981,30.719266891479492,default
188972.219839,0.8949535489082336,30.837411880493164,default
188972.228851,0.8477314114570618,30.645002365112305,default
188972.24144999997,0.9491164684295654,30.755634307861328,default
188972.25196199998,0.8579114675521851,30.69424057006836,default
188972.261214,0.9249352216720581,30.443069458007812,default
188972.273953,0.9723092317581177,30.798770904541016,default
188972.286431,0.8183704614639282,30.53324317932129,default
188972.297681,0.9543927311897278,30.353090286254883,default
188972.307576,0.981105387210846,30.71096420288086,default
188972.31933099998,0.9021992087364197,30.55567741394043,default
188972.331931,0.7955344319343567,30.42397117614746,default
188972.342137,0.8881642818450928,30.914621353149414,default
188972.35484599997,1.0,30.577590942382812,default
188972.364495,0.7659280896186829,30.6122989654541,default
188972.37529099997,0.9389254450798035,30.63634490966797,default
188972.388515,0.9713844656944275,30.49903678894043,default
188972.39976,0.9883331656455994,30.903736114501953,default
188972.41012299998,1.0,30.885475158691406,default
188972.42463,0.8527417778968811,30.680831909179688,default
188972.434716,0.8962900638580322,30.453519821166992,default
188972.44677299997,0.916479766368866,30.502031326293945,default
188972.45627899998,0.9206171631813049,31.079439163208008,default
188972.465244,0.9317858815193176,30.67582893371582,default
188972.477476,1.0,30.528993606567383,default
188972.4888,0.7828875184059143,30.49730682373047,default
188972.49933999998,0.8920142650604248,30.556081771850586,default
188972.512609,0.8356178998947144,30.7302303314209,default
188972.52205,0.8901334404945374,30.656103134155273,default
188972.53100699998,0.9896675944328308,30.449356079101562,default
188972.54551599998,0.8715031147003174,30.44548797607422,default
188972.555913,0.8361636996269226,30.677936553955078,default
188972.56800199999,0.8774301409721375,30.404857635498047,default
188972.57533199998,0.8955258131027222,30.665332794189453,default
188972.58493399998,0.9195372462272644,30.812509536743164,default
188972.59621599998,0.8187040090560913,30.713001251220703,default
188972.60845399997,0.9532390236854553,30.361652374267578,default
188972.621258,0.9187649488449097,30.559656143188477,default
188972.630821,0.7715458273887634,30.95096206665039,default
188972.64306399997,0.8632420897483826,30.570205688476562,default
188972.65302799997,0.8988347053527832,30.911884307861328,default
188972.66239699998,0.9242190718650818,30.790828704833984,default
188972.675746,0.8282038569450378,30.81867218017578,default
188972.68807799998,0.8596634268760681,30.505287170410156,default
188972.698775,0.9168842434883118,30.898685455322266,default
188972.709728,0.8550423383712769,30.603090286254883,default
188972.716902,0.847166895866394,30.793701171875,default
188972.725247,0.9181761741638184,30.608989715576172,default
188972.73614499997,0.8797329068183899,31.0496883392334,default
188972.74342699998,0.9192577600479126,31.26350975036621,default
188972.75129,1.0,30.791730880737305,default
188972.763812,0.8663175106048584,30.887691497802734,default
188972.77380899998,0.9315734505653381,31.030221939086914,default
188972.786066,0.9583197236061096,30.791759490966797,default
188972.79529399998,0.9190871119499207,30.77710723876953,default
188972.804752,0.8418912291526794,30.4521427154541,default
188972.81473699998,0.8754258155822754,30.947938919067383,default
188972.82776,0.945503830909729,30.55800437927246,default
188972.83872499998,0.9066815972328186,30.81608009338379,default
188972.84889999998,0.8652526140213013,31.180601119995117,default
188972.86194099998,0.9421075582504272,30.951862335205078,default
188972.87531099998,0.8521968126296997,31.253440856933594,default
188972.88545399997,0.819438099861145,31.07573890686035,default
188972.89555,0.9276831746101379,31.383020401000977,default
188972.90811699998,0.9717464447021484,31.143917083740234,default
188972.9214,0.931958794593811,30.969005584716797,default
188972.933153,0.7940143346786499,30.829586029052734,default
188972.946056,0.8325793743133545,31.015583038330078,default
188972.955791,0.8738052845001221,30.627872467041016,default
188972.96472199998,0.7575621008872986,30.742172241210938,default
188972.977644,0.8819007277488708,31.41150665283203,default
188972.988265,0.9396241307258606,30.84097671508789,default
188972.99770699997,0.8775727152824402,31.065467834472656,default
188973.010037,0.8625039458274841,30.748449325561523,default
188973.02034199997,0.8471788167953491,31.480928421020508,default
188973.03335999997,0.8426792621612549,30.850427627563477,default
188973.039853,0.9367347359657288,30.6490478515625,default
188973.051228,0.8765013813972473,31.006122589111328,default
188973.05912999998,0.8848534822463989,30.650737762451172,default
188973.06840599998,0.9453452229499817,31.159116744995117,default
188973.08204799998,0.8394227623939514,31.012338638305664,default
188973.093458,0.8132501244544983,31.112852096557617,default
188973.10550499998,0.8742994070053101,30.617431640625,default
188973.11695999998,0.7822643518447876,30.865100860595703,default
188973.1284,0.8821155428886414,30.813812255859375,default
188973.13836299998,0.8253822922706604,30.756500244140625,default
188973.14719299998,0.9193666577339172,31.088956832885742,default
188973.159976,0.8534327745437622,30.973949432373047,default
188973.172624,0.8887708783149719,30.67105484008789,default
188973.183276,0.8856141567230225,30.83339500427246,default
188973.19426,0.9615556001663208,30.914325714111328,default
188973.208299,0.9063479900360107,31.01579475402832,default
188973.222548,0.8364384174346924,31.047588348388672,default
188973.23320299998,0.8350383043289185,31.26221466064453,default
188973.24758999998,0.8200661540031433,30.741230010986328,default
188973.25764199998,0.8908509612083435,30.635372161865234,default
188973.26903599998,0.8203895688056946,30.916704177856445,default
188973.276448,0.8572454452514648,30.648311614990234,default
188973.28541299998,0.9379652738571167,30.985431671142578,default
188973.29794299998,0.9426242709159851,31.279502868652344,default
188973.30742199998,0.89967942237854,31.066692352294922,default
188973.32032199999,0.893565833568573,30.932973861694336,default
188973.330887,0.8709444403648376,31.084318161010742,default
188973.34430099998,0.89458167552948,31.755874633789062,default
188973.35405099997,0.890450656414032,31.178966522216797,default
188973.363808,0.9080793261528015,31.367618560791016,default
188973.3749,0.8680328130722046,31.035280227661133,default
188973.38551599998,0.8059645295143127,31.351613998413086,default
188973.39396199997,0.9081625938415527,30.945199966430664,default
188973.40108299998,0.8357577323913574,31.0696964263916,default
188973.414257,0.8306089043617249,31.161701202392578,default
188973.42906199998,0.9435234665870667,31.45396614074707,default
188973.439044,0.7923470139503479,31.241249084472656,default
188973.449115,0.9562968015670776,31.168270111083984,default
188973.461556,0.9552180767059326,30.95427894592285,default
188973.47092599998,0.8336697220802307,31.10746955871582,default
188973.482177,0.7847211360931396,31.002859115600586,default
188973.49271599998,0.8922397494316101,30.78477668762207,default
188973.50474099998,0.8891826272010803,31.76396942138672,default
188973.51463199998,0.9154699444770813,31.131999969482422,default
188973.525982,0.8649656772613525,30.97475242614746,default
188973.53781399998,0.8558449149131775,31.040164947509766,default
188973.548461,0.8375301957130432,31.01039695739746,default
188973.562756,0.9117616415023804,31.1353759765625,default
188973.57362399998,0.9503580927848816,31.29439926147461,default
188973.58832799998,0.9233889579772949,31.078054428100586,default
188973.59922799998,0.903724193572998,31.23004722595215,default
188973.61192599998,0.9074330925941467,31.33873748779297,default
188973.621394,0.8342067003250122,31.121774673461914,default
188973.632165,0.8487821817398071,31.059858322143555,default
188973.640315,0.7862643599510193,31.235342025756836,default
188973.647711,0.881210207939148,31.145488739013672,default
188973.65688499997,0.9821374416351318,31.13103675842285,default
188973.66637899997,0.9111626148223877,31.36311149597168,default
188973.679094,0.8717395663261414,31.540298461914062,default
188973.690996,0.9468597769737244,31.15862464904785,default
188973.703659,0.8402430415153503,31.377918243408203,default
188973.71319699998,0.8428135514259338,31.46978187561035,default
188973.72159799997,0.9283562302589417,31.398557662963867,default
188973.73458999998,0.9611917734146118,31.712316513061523,default
188973.740615,0.8262873291969299,31.362581253051758,default
188973.74577399998,0.918665885925293,31.511167526245117,default
188973.754319,0.8587086200714111,31.327865600585938,default
188973.76679999998,1.0,31.476669311523438,default
188973.77589199998,0.9764225482940674,31.788476943969727,default
188973.788404,1.0,31.3978214263916,default
188973.79903999998,0.9401993155479431,31.141000747680664,default
188973.81218799998,1.0,31.24121856689453,default
188973.82358899998,0.9701316952705383,31.571311950683594,default
188973.837629,0.9374036192893982,31.20229721069336,default
188973.84665,0.8343404531478882,31.232513427734375,default
188973.85916499997,0.9392889142036438,31.429161071777344,default
188973.86926099999,0.9705049395561218,31.35795021057129,default
188973.880877,0.9499315023422241,31.528385162353516,default
188973.89027899998,0.8972277045249939,31.17352294921875,default
188973.90234799997,0.9833263754844666,31.179155349731445,default
188973.91238099997,1.0,30.95636749267578,default
188973.923212,0.9295923113822937,31.381877899169922,default
188973.936548,0.9560697078704834,31.521286010742188,default
188973.947812,0.9533715844154358,31.450021743774414,default
188973.95915699998,0.8953752517700195,31.443458557128906,default
188973.971257,0.851470947265625,31.41777801513672,default
188973.97773299998,0.9974550008773804,31.109708786010742,default
188973.98738399998,0.8824513554573059,31.603458404541016,default
188973.99338399997,0.9817073941230774,31.315858840942383,default
188973.999257,0.9161795377731323,31.342031478881836,default
188974.008098,0.9263618588447571,31.348508834838867,default
188974.016541,0.923613429069519,31.478816986083984,default
188974.03085799998,0.9299954771995544,31.692176818847656,default
188974.04115499998,0.9997590184211731,31.3641414642334,default
188974.051246,0.9575730562210083,31.371580123901367,default
188974.06446499997,0.8633511066436768,31.565237045288086,default
188974.073053,0.9398337602615356,31.422155380249023,default
188974.084882,0.915941596031189,31.35999870300293,default
188974.094555,0.9239141345024109,31.666898727416992,default
188974.101764,0.960919201374054,31.385835647583008,default
188974.11082899998,0.8630588054656982,31.165916442871094,default
188974.118558,0.9947762489318848,31.333473205566406,default
188974.130919,0.9242534041404724,31.720949172973633,default
188974.141569,0.997962236404419,31.560998916625977,default
188974.150817,1.0,31.292387008666992,default
188974.163882,0.932135820388794,31.598045349121094,default
188974.173896,0.9075155258178711,31.44849395751953,default
188974.18667,0.9448651075363159,31.606542587280273,default
188974.196734,0.8548526763916016,31.6557674407959,default
188974.210196,0.9535747766494751,31.568927764892578,default
188974.218913,0.871279239654541,31.323118209838867,default
188974.229532,0.9187456965446472,31.416370391845703,default
188974.242799,0.9343435764312744,31.43971824645996,default
188974.253722,0.9516514539718628,31.320947647094727,default
188974.265097,0.930823802947998,31.455141067504883,default
188974.27539899998,0.8939518332481384,31.585594177246094,default
188974.28474399998,0.9341506958007812,31.587968826293945,default
188974.29548499998,0.9630156755447388,31.37689781188965,default
188974.30725699998,0.8751932978630066,31.425535202026367,default
188974.318786,0.9387165904045105,31.558025360107422,default
188974.32777499998,0.942439615726471,31.472312927246094,default
188974.33698899997,0.847087562084198,31.36155891418457,default
188974.34552499998,0.9362300038337708,31.262367248535156,default
188974.355128,0.935429573059082,31.451934814453125,default
188974.366976,0.8613162040710449,31.569231033325195,default
188974.38009899997,0.9097197651863098,31.30046844482422,default
188974.389508,0.9167215824127197,31.47212028503418,default
188974.402377,0.9393138885498047,31.63810920715332,default
188974.412403,0.783441960811615,31.604671478271484,default
188974.42526299998,0.840781033039093,31.35940170288086,default
188974.44088699998,0.8714133501052856,31.693532943725586,default
188974.45014399997,0.9321017265319824,31.72512435913086,default
188974.462034,0.8763593435287476,31.4714298248291,default
188974.468752,0.8864315748214722,31.38610076904297,default
188974.478078,0.8536298871040344,31.477054595947266,default
188974.49192399997,0.8854924440383911,31.350820541381836,default
188974.50587,1.0,31.577152252197266,default
188974.518486,0.9233579635620117,31.398418426513672,default
188974.528168,0.9157128930091858,31.385473251342773,default
188974.54079199999,0.9221720099449158,31.30554962158203,default
188974.550364,0.9179232716560364,31.465177536010742,default
188974.559808,0.8835732340812683,31.48662567138672,default
188974.57183899998,0.8801375031471252,31.482444763183594,default
188974.58002899998,0.9191069006919861,31.468420028686523,default
188974.58997399997,1.0,31.30900001525879,default
188974.601542,0.9589947462081909,31.649930953979492,default
188974.614996,0.9929065704345703,31.14423370361328,default
188974.62867499999,0.8756065368652344,31.444995880126953,default
188974.63919299998,0.8983611464500427,31.818511962890625,default
188974.649343,0.9148098230361938,31.341808319091797,default
188974.66260399998,0.9441974759101868,31.43403434753418,default
188974.67381299997,0.9107602834701538,31.14910888671875,default
188974.68575499998,0.7759354114532471,31.57550811767578,default
188974.692047,0.9874544739723206,31.48790740966797,default
188974.703916,0.9634205102920532,31.51187515258789,default
188974.714232,0.8668689131736755,31.352872848510742,default
188974.72689899997,0.9515780806541443,31.403348922729492,default
188974.737948,0.9093067049980164,31.473299026489258,default
188974.747718,0.8865013122558594,31.541810989379883,default
188974.761362,0.9978151321411133,32.11985397338867,default
188974.771893,0.841728150844574,31.538028717041016,default
188974.782197,0.8707662224769592,31.52144432067871,default
188974.795994,0.9375810623168945,31.524456024169922,default
188974.810129,0.8434088826179504,31.52251434326172,default
188974.81950399998,0.8099071979522705,31.660717010498047,default
188974.829974,0.9772245287895203,31.523643493652344,default
188974.844453,0.9022114276885986,31.772348403930664,default
188974.85483099998,0.9382280707359314,31.775367736816406,default
188974.86539,1.0,32.152626037597656,default
188974.879623,1.0,31.611099243164062,default
188974.894251,0.8904732465744019,31.56020164489746,default
188974.904407,0.9141721129417419,31.57062339782715,default
188974.918262,0.8821765780448914,31.555936813354492,default
188974.93099199998,0.8630685806274414,31.726367950439453,default
188974.943178,0.834507942199707,31.449542999267578,default
188974.954218,0.9689695835113525,31.663541793823242,default
188974.964827,0.9464324712753296,31.559934616088867,default
188974.97843599998,0.8220771551132202,31.847414016723633,default
188974.988204,0.892739474773407,31.77680778503418,default
188975.00131,0.9256092309951782,31.522281646728516,default
188975.01205199998,0.8366252779960632,31.60552978515625,default
188975.021408,0.8892408013343811,31.62308120727539,default
188975.03347899998,0.9455016255378723,31.667612075805664,default
188975.042261,1.0,31.931930541992188,default
188975.05460399998,0.9588682651519775,31.743343353271484,default
188975.06384599998,0.8411526083946228,31.53678321838379,default
188975.07570999998,0.9440802335739136,31.609302520751953,default
188975.084747,0.9374100565910339,31.65210723876953,default
188975.094758,0.9486921429634094,31.556474685668945,default
188975.108354,0.910350501537323,31.79381561279297,default
188975.12271599998,0.9365428686141968,31.582233428955078,default
188975.133882,0.8576575517654419,31.732402801513672,default
188975.14664899997,0.8650392293930054,31.714717864990234,default
188975.15589899998,0.8753809928894043,31.818410873413086,default
188975.16840099997,0.8836791515350342,31.72931480407715,default
188975.17986799998,0.9245785474777222,31.511581420898438,default
188975.18944,1.0,31.723087310791016,default
188975.19717,0.95375657081604,31.778841018676758,default
188975.209835,0.8864705562591553,31.56934356689453,default
188975.221857,1.0,31.800437927246094,default
188975.235158,0.9968913793563843,31.66501808166504,default
188975.24597,0.8953149318695068,31.820392608642578,default
188975.25445799998,1.0,31.75018882751465,default
188975.26619999998,0.9007889628410339,31.528024673461914,default
188975.276203,0.9802817702293396,31.639728546142578,default
188975.286523,0.9075074791908264,31.69428825378418,default
188975.296511,1.0,31.63460922241211,default
188975.306616,0.9341204762458801,31.363651275634766,default
188975.315671,0.8776146173477173,32.06270217895508,default
188975.32571399998,0.9717026352882385,31.606658935546875,default
188975.33877899998,1.0,31.71060562133789,default
188975.35088699998,0.8084595799446106,31.93086814880371,default
188975.36047699998,1.0,32.34482955932617,default
188975.37256999998,0.9266646504402161,31.56891632080078,default
188975.38176699998,0.7729073762893677,31.679527282714844,default
188975.39108899998,0.9467537999153137,31.67535972595215,default
188975.401866,0.9910010099411011,31.675373077392578,default
188975.40981299998,1.0,31.41558837890625,default
188975.419589,0.947094738483429,31.66334342956543,default
188975.43003299998,0.9130381941795349,31.70629119873047,default
188975.44124999997,0.9440414309501648,31.643569946289062,default
188975.45598499998,0.9567264318466187,31.403167724609375,default
188975.465703,0.9316877126693726,31.450794219970703,default
188975.47467099997,1.0,31.66485023498535,default
188975.486832,0.9605182409286499,31.66524887084961,default
188975.49704999998,0.8821467161178589,31.563457489013672,default
188975.50460699998,0.9732750654220581,31.735158920288086,default
188975.512177,0.9233468770980835,31.521791458129883,default
188975.52500899998,0.9165260195732117,31.605010986328125,default
188975.53087299998,0.8978042602539062,31.51156234741211,default
188975.54133699997,0.8651595115661621,31.394742965698242,default
188975.54829099998,0.9632753133773804,31.50795555114746,default
188975.561674,0.932111918926239,31.70769500732422,default
188975.571092,0.9562112092971802,31.637256622314453,default
188975.584484,0.8598757386207581,31.649885177612305,default
188975.59506999998,0.932450532913208,31.591707229614258,default
188975.606126,0.7895198464393616,31.91974639892578,default
188975.619821,1.0,31.765836715698242,default
188975.632383,0.9030249118804932,31.631906509399414,default
188975.642043,0.8583278656005859,31.59836196899414,default
188975.65579699998,0.9362030625343323,31.580995559692383,default
188975.666978,0.9068981409072876,31.78835678100586,default
188975.67657799998,0.9347545504570007,31.67291259765625,default
188975.689823,1.0,31.45781898498535,default
188975.698209,0.838644802570343,31.41263198852539,default
188975.708215,0.9074237942695618,31.47599983215332,default
188975.72212899997,1.0,31.420513153076172,default
188975.735696,0.952734112739563,31.67120361328125,default
188975.745562,0.8704796433448792,31.31104278564453,default
188975.75415199998,0.9566922187805176,31.573183059692383,default
188975.76413199998,0.9954477548599243,31.454044342041016,default
188975.77091199998,0.8916847109794617,31.36147689819336,default
188975.775711,0.9048280715942383,31.355701446533203,default
188975.785205,0.8987993001937866,31.60326385498047,default
188975.794451,0.9178338646888733,31.324012756347656,default
188975.806071,0.9267195463180542,31.404695510864258,default
188975.817651,0.8179647922515869,31.658451080322266,default
188975.82742999998,0.885757565498352,31.560789108276367,default
188975.842197,0.8693296313285828,31.759723663330078,default
188975.85270999998,0.9582555294036865,31.46303367614746,default
188975.862164,0.9436423182487488,31.597675323486328,default
188975.874851,0.8697435259819031,31.6173152923584,default
188975.888369,0.968978762626648,31.551044464111328,default
188975.89812,0.9348540306091309,31.411375045776367,default
188975.90761199998,0.9424348473548889,31.70253562927246,default
188975.91257,0.8813826441764832,31.561187744140625,default
188975.92043199998,0.7722936272621155,31.395801544189453,default
188975.93121799998,0.9002513885498047,31.47207260131836,default
188975.943901,0.8271170258522034,31.545751571655273,default
188975.95403499997,0.9385584592819214,31.423368453979492,default
188975.96269299998,0.8560330271720886,31.518339157104492,default
188975.974681,0.8856517672538757,31.577749252319336,default
188975.985112,0.9213212132453918,31.486467361450195,default
188975.994553,0.9466264247894287,31.42483901977539,default
188976.00287899998,0.8926736116409302,31.610761642456055,default
188976.01289699998,0.8873229622840881,31.267255783081055,default
188976.02249499998,0.9242162704467773,31.6142578125,default
188976.029701,0.9158177375793457,31.645662307739258,default
188976.041848,0.876542866230011,31.534664154052734,default
188976.05227599997,0.9520962834358215,31.49645233154297,default
188976.061352,0.9114823341369629,31.46994400024414,default
188976.07303,0.9637081623077393,31.674137115478516,default
188976.082374,0.9114521741867065,31.58383560180664,default
188976.09457999998,0.9327044486999512,31.6638126373291,default
188976.10194499997,0.8469064831733704,31.813196182250977,default
188976.111755,0.9567294716835022,31.576690673828125,default
188976.124815,0.8592514991760254,31.461383819580078,default
188976.13463999997,0.9325563907623291,31.42313003540039,default
188976.147634,0.9557763338088989,31.340730667114258,default
188976.15838299997,0.9166472554206848,31.4757022857666,default
188976.16849299998,0.9203435778617859,31.776344299316406,default
188976.181448,0.9509292244911194,31.421035766601562,default
188976.190894,0.8732481002807617,31.742469787597656,default
188976.202616,0.9167469143867493,31.43593978881836,default
188976.213291,0.8046014308929443,31.410600662231445,default
188976.223753,0.9552951455116272,31.01831817626953,default
188976.23142199998,0.9890012741088867,31.490097045898438,default
188976.23806799998,0.8414905667304993,31.41196632385254,default
188976.247936,0.8244319558143616,31.413066864013672,default
188976.257441,0.9266330003738403,31.47586441040039,default
188976.26905799998,0.8104961514472961,31.42681884765625,default
188976.27885899998,0.8080795407295227,31.234434127807617,default
188976.29249899997,0.9121729135513306,31.412378311157227,default
188976.302198,0.8685145974159241,31.475915908813477,default
188976.31318199998,1.0,31.40475845336914,default
188976.32729699998,0.9386897087097168,31.348804473876953,default
188976.337324,0.8851202130317688,32.13222885131836,default
188976.347621,0.9034034013748169,31.685300827026367,default
188976.35645,0.8573093414306641,31.7403507232666,default
188976.36679899998,0.8824537396430969,31.617324829101562,default
188976.380548,0.9422228932380676,31.292179107666016,default
188976.391939,0.8871954679489136,31.56268310546875,default
188976.403234,0.9033247828483582,31.684669494628906,default
188976.41646399998,0.9571380019187927,31.574495315551758,default
188976.43283799998,0.890944242477417,31.64226722717285,default
188976.44333399998,0.9688053727149963,31.691055297851562,default
188976.455474,0.9926995635032654,31.772443771362305,default
188976.46469199998,0.9452729821205139,31.521535873413086,default
188976.474176,0.9227960705757141,31.502042770385742,default
188976.48116899998,0.9435814023017883,31.604907989501953,default
188976.490975,0.9576324820518494,31.540130615234375,default
188976.502996,0.78134685754776,31.848350524902344,default
188976.51262199998,0.9857940673828125,31.610776901245117,default
188976.52212699997,0.9772864580154419,31.76050567626953,default
188976.53326,0.8690854907035828,31.61905288696289,default
188976.54476699998,1.0,31.60662269592285,default
188976.55839599998,0.8893919587135315,31.59332275390625,default
188976.56985,0.9438104629516602,31.724628448486328,default
188976.58298699997,0.9661051034927368,31.760398864746094,default
188976.59204199997,0.8608685731887817,31.467239379882812,default
188976.60416999998,0.9276384115219116,31.588293075561523,default
188976.614407,0.9413600564002991,31.589990615844727,default
188976.626597,0.8658844232559204,31.32246971130371,default
188976.636026,0.8664900064468384,31.45064353942871,default
188976.64685199998,0.964888870716095,31.823732376098633,default
188976.659016,0.9282116293907166,31.445737838745117,default
188976.669588,0.8977836966514587,31.6818904876709,default
188976.684338,0.9757431149482727,31.663726806640625,default
188976.69517899997,0.8888975977897644,31.255666732788086,default
188976.709335,0.9261318445205688,31.767288208007812,default
188976.717225,0.9060479402542114,31.652435302734375,default
188976.72768299998,0.9601191282272339,31.693767547607422,default
188976.74021,0.8688969016075134,31.398962020874023,default
188976.74961,0.9250834584236145,31.799449920654297,default
188976.759367,0.9108452200889587,31.99846649169922,default
188976.770872,0.8626612424850464,31.790725708007812,default
188976.780159,0.9611814022064209,31.244102478027344,default
188976.78856199997,0.9046466946601868,31.554174423217773,default
188976.801724,1.0,31.45137596130371,default
188976.812163,0.9983921051025391,31.31768798828125,default
188976.823244,0.8802362680435181,31.73722267150879,default
188976.830101,0.8818219304084778,31.68121910095215,default
188976.84307099998,0.8503990769386292,31.655685424804688,default
188976.85300899998,1.0,32.512393951416016,default
188976.867925,0.9284233450889587,31.632204055786133,default
188976.878427,0.9364525079727173,31.819673538208008,default
188976.891985,0.9625902771949768,31.843908309936523,default
188976.90211899998,0.9120239615440369,31.529346466064453,default
188976.91217499998,0.9602478742599487,31.935386657714844,default
188976.924046,1.0,31.580549240112305,default
188976.93627699997,0.8196126818656921,31.672822952270508,default
188976.946279,0.7879884839057922,31.74728012084961,default
188976.957668,1.0,31.5361385345459,default
188976.971218,0.925148069858551,31.861186981201172,default
188976.983823,0.8786476850509644,31.956707000732422,default
188976.993872,0.8120664954185486,31.751358032226562,default
188977.006207,0.9152244925498962,31.617542266845703,default
188977.01655899998,0.886540412902832,31.41884422302246,default
188977.02664,0.8698604702949524,31.565959930419922,default
188977.04013399998,0.8466326594352722,31.72411346435547,default
188977.049176,0.8809765577316284,31.68160057067871,default
188977.05559099998,0.9063829183578491,31.57406997680664,default
188977.064514,0.9543256759643555,31.894617080688477,default
188977.07382199998,0.8347062468528748,31.543651580810547,default
188977.08117199998,0.9359378814697266,31.446184158325195,default
188977.08963099998,0.9166943430900574,31.601411819458008,default
188977.10259499997,0.9026111960411072,31.992849349975586,default
188977.113773,0.9022472500801086,31.89578628540039,default
188977.124308,0.925971508026123,31.86957359313965,default
188977.13823699998,0.8530323505401611,31.893653869628906,default
188977.148872,0.8429122567176819,31.83584213256836,default
188977.162824,1.0,31.686756134033203,default
188977.175157,0.9362045526504517,32.044898986816406,default
188977.184544,0.9460262656211853,32.03561019897461,default
188977.195014,0.9466086030006409,31.857524871826172,default
188977.206479,0.9695147275924683,31.717147827148438,default
188977.21768899998,0.9883192181587219,31.667449951171875,default
188977.227934,0.9564715027809143,31.706748962402344,default
188977.23958,0.8989821672439575,31.860063552856445,default
188977.25137999997,0.9264617562294006,31.523956298828125,default
188977.261312,0.8800591826438904,31.664447784423828,default
188977.272419,0.9371379613876343,31.265880584716797,default
188977.287247,1.0,31.240503311157227,default
188977.29721699998,0.9732887148857117,31.025577545166016,default
188977.308716,0.8997177481651306,30.94991111755371,default
188977.319925,0.8831833004951477,30.850412368774414,default
188977.330612,0.948502242565155,30.470888137817383,default
188977.34183899997,0.8318077325820923,30.58726692199707,default
188977.351493,0.915353000164032,30.219379425048828,default
188977.36192199998,0.8996433019638062,29.859193801879883,default
188977.37448499998,0.7972012162208557,30.122543334960938,default
188977.38515599997,0.9544944763183594,29.949546813964844,default
188977.39922999998,0.9311808943748474,30.046464920043945,default
188977.405358,0.9700092673301697,29.533798217773438,default
188977.414749,0.8814179301261902,29.780935287475586,default
188977.421852,0.8267103433609009,29.579627990722656,default
188977.43001799998,0.7077528238296509,29.44916343688965,default
188977.44129299998,0.8677483797073364,29.321407318115234,default
188977.45053399997,0.8269903659820557,29.13524055480957,default
188977.461258,0.9239631295204163,29.58005714416504,default
188977.47480899998,0.9214335680007935,29.48458480834961,default
188977.487857,0.9150726795196533,29.2793025970459,default
188977.49885899998,0.8192593455314636,29.57268714904785,default
188977.510453,0.8475756645202637,29.396427154541016,default
188977.520169,0.9052194356918335,29.570737838745117,default
188977.53063899998,0.9608678221702576,29.484249114990234,default
188977.542719,0.8617018461227417,29.456377029418945,default
188977.553237,0.8653272986412048,29.731910705566406,default
188977.566211,0.8849042654037476,29.909442901611328,default
188977.57937999998,1.0,30.071874618530273,default
188977.58935,0.877058744430542,29.971635818481445,default
188977.59821599998,0.9578942060470581,29.871328353881836,default
188977.611067,0.7250585556030273,29.71131706237793,default
188977.62018099998,0.8687644600868225,29.8238525390625,default
188977.634104,0.7780370712280273,29.926298141479492,default
188977.64314,0.9518987536430359,29.735958099365234,default
188977.65265399998,0.9133756160736084,30.055782318115234,default
188977.661314,0.8440394401550293,30.351280212402344,default
188977.67481199998,1.0,29.97644805908203,default
188977.68452299997,0.9032195806503296,30.004518508911133,default
188977.69878399998,0.7894693613052368,30.269723892211914,default
188977.71408399998,0.8369315266609192,30.21898651123047,default
188977.72498199999,0.7491843700408936,30.070758819580078,default
188977.73937199998,0.9159590601921082,30.101970672607422,default
188977.74950399998,0.8820932507514954,30.023611068725586,default
188977.76188499999,0.8587902784347534,29.818796157836914,default
188977.76930199997,0.8950980305671692,30.029451370239258,default
188977.778244,0.8606054782867432,30.083200454711914,default
188977.791763,0.810283362865448,30.045440673828125,default
188977.80456199998,0.874663770198822,29.670995712280273,default
188977.81373599998,0.901400089263916,30.081270217895508,default
188977.823636,0.9450521469116211,30.269392013549805,default
188977.837752,0.9263793230056763,30.101171493530273,default
188977.848076,1.0,29.890958786010742,default
188977.85798799997,0.8907365202903748,29.95934295654297,default
188977.872213,0.9329958558082581,29.76535415649414,default
188977.88029099998,0.9081609845161438,29.893774032592773,default
188977.891904,0.8635837435722351,29.572933197021484,default
188977.90070899998,0.9849791526794434,29.54792022705078,default
188977.91461699997,0.8869725465774536,29.813615798950195,default
188977.926842,0.7968162298202515,29.41944122314453,default
188977.93559299997,0.6781378388404846,29.541685104370117,default
188977.94738499998,0.8941558599472046,29.267675399780273,default
188977.95607599997,0.7699136137962341,28.158262252807617,default
188977.968749,0.5284563899040222,28.01776885986328,default
188977.977713,0.47501373291015625,29.059961318969727,default
188977.98893599998,0.5294331460061324,32.783451080322266,default
188978.007571,0.9566023806404721,15.37037467956543,default
188978.020937,0.8176305294036865,17.134531021118164,default
188978.03280299998,0.6741155982017517,17.236656188964844,default
188978.041714,0.7231953144073486,18.415729522705078,default
188978.054106,0.6324521899223328,18.911380767822266,default
188978.062858,0.589144229888916,20.54587173461914,default
188978.074967,0.5518291592597961,21.498510360717773,default
188978.08511299998,0.4122411608695984,21.611270904541016,default
188978.094132,0.6311620473861694,21.93797492980957,default
188978.105892,0.5651733875274658,21.449411392211914,default
188978.11692899998,0.529293954372406,21.40467643737793,default
188978.126298,0.45926642417907715,22.124570846557617,default
188978.13613499998,0.5077981352806091,23.289466857910156,default
188978.14787599997,0.5142609477043152,23.759519577026367,default
188978.15610899997,0.4437936246395111,24.75583839416504,default
188978.166037,0.4974285662174225,24.710603713989258,default
188978.17446699998,0.44063830375671387,23.97621726989746,default
188978.18482199998,0.45695462822914124,24.480222702026367,default
188978.19380799998,0.48141130805015564,24.61543846130371,default
188978.20253699998,0.6997743828891827,16.539321899414062,default
188978.223718,0.49739620089530945,17.536367416381836,default
188978.23234599998,0.4096589982509613,18.67013168334961,default
188978.245232,0.4153359830379486,19.066499710083008,default
188978.252144,0.4134956896305084,19.953277587890625,default
188978.260602,0.3654700517654419,20.761445999145508,default
188978.26940999998,0.46400904655456543,22.240703582763672,default
188978.281424,0.4215085804462433,22.537851333618164,default
188978.29102399998,0.5180090069770813,23.54475212097168,default
188978.303128,0.6197540760040283,23.624099731445312,default
188978.31181699998,0.6234269773055144,30.72152328491211,default
188978.323469,0.8442305447599895,24.93724822998047,default
188978.343532,0.6578428745269775,25.641862869262695,default
188978.350529,0.7381944060325623,26.16604232788086,default
188978.359482,0.7228383421897888,26.453540802001953,default
188978.364965,0.6960117816925049,26.72322654724121,default
188978.37378899998,0.7574673891067505,26.502891540527344,default
188978.386274,0.8053011894226074,27.14937400817871,default
188978.39644399998,0.8047141432762146,26.95760726928711,default
188978.40882699998,0.7759353518486023,26.84439468383789,default
188978.42077099998,0.7820115685462952,27.32851791381836,default
188978.43209199997,0.6594939827919006,27.252395629882812,default
188978.443393,0.8686079382896423,27.30223846435547,default
188978.453739,0.774848222732544,27.84182357788086,default
188978.46548699998,0.7320394515991211,27.831424713134766,default
188978.47479799998,0.8226420879364014,27.971525192260742,default
188978.486762,1.0,27.69816780090332,default
188978.49798699998,0.7306112051010132,28.230777740478516,default
188978.513152,0.7787161469459534,28.380996704101562,default
188978.52239799997,0.7787001132965088,28.2540340423584,default
188978.530763,0.8895255327224731,28.301658630371094,default
188978.54378699997,0.7195965051651001,28.521547317504883,default
188978.554239,0.7655849456787109,28.23649024963379,default
188978.563589,0.7674838304519653,28.691085815429688,default
188978.576913,0.6578395366668701,28.398746490478516,default
188978.58605699998,0.8345296382904053,28.529247283935547,default
188978.59358,0.7245154976844788,28.389278411865234,default
188978.603955,0.7132834196090698,28.52652931213379,default
188978.613116,0.7897577285766602,28.72288703918457,default
188978.62675899998,0.8233579397201538,28.47855567932129,default
188978.641973,0.7533478736877441,28.484806060791016,default
188978.652576,0.9128520488739014,28.478662490844727,default
188978.66192399999,0.8312575817108154,28.73407554626465,default
188978.674695,0.7097424268722534,28.8680362701416,default
188978.688523,0.8204149603843689,28.629993438720703,default
188978.698855,0.8803490996360779,28.652620315551758,default
188978.71077799998,0.9093759059906006,28.544605255126953,default
188978.72111999997,0.9061133861541748,28.46707534790039,default
188978.73064899998,0.9092202186584473,28.721670150756836,default
188978.74341199998,0.804053008556366,28.832942962646484,default
188978.75192399998,0.9653071761131287,29.113426208496094,default
188978.761897,0.8626821041107178,28.50570297241211,default
188978.77479599998,0.8662680387496948,28.701045989990234,default
188978.78486299998,0.9044058918952942,29.00776481628418,default
188978.79399799998,0.8616507649421692,28.865942001342773,default
188978.80647699998,0.6709908843040466,28.52847671508789,default
188978.81687699998,0.9277054667472839,28.922828674316406,default
188978.82344799998,0.7975966930389404,28.933006286621094,default
188978.831285,0.8019445538520813,28.8515682220459,default
188978.841987,0.7971945405006409,28.828020095825195,default
188978.85088299998,0.804986834526062,28.799781799316406,default
188978.864855,0.7982048392295837,28.988576889038086,default
188978.87604399998,0.8473328948020935,28.83055877685547,default
188978.886768,0.7160531878471375,28.69398307800293,default
188978.895913,0.700370728969574,28.783567428588867,default
188978.910476,0.8247150182723999,28.972864151000977,default
188978.92065,0.7635699510574341,29.02115821838379,default
188978.933489,0.7171796560287476,28.848331451416016,default
188978.942769,0.7894315123558044,28.769771575927734,default
188978.95326799998,0.7303226590156555,28.87061309814453,default
188978.96273,0.7539617419242859,29.061527252197266,default
188978.97281799998,0.7451179027557373,29.00469398498535,default
188978.987008,0.7935844659805298,28.871246337890625,default
188978.997527,0.7802325487136841,28.904712677001953,default
188979.01021699997,0.8636099696159363,28.852092742919922,default
188979.021219,0.7706941962242126,28.811195373535156,default
188979.034823,0.8254650831222534,28.679439544677734,default
188979.046044,0.710289716720581,28.842538833618164,default
188979.059735,0.750966489315033,28.674787521362305,default
188979.07296199998,0.8432871699333191,28.878650665283203,default
188979.083487,0.7152677178382874,28.817325592041016,default
188979.094059,0.7627557516098022,29.001718521118164,default
188979.106034,0.6632316708564758,28.762205123901367,default
188979.11473499998,0.8809926509857178,28.93198013305664,default
188979.12570099998,0.6928829550743103,28.893367767333984,default
188979.135778,0.6942950487136841,28.838247299194336,default
188979.144698,0.8295521140098572,28.839923858642578,default
188979.15787599998,0.8671218752861023,28.654701232910156,default
188979.168886,0.7813801169395447,28.771495819091797,default
188979.18054499998,0.7441545128822327,28.774478912353516,default
188979.189394,0.9880162477493286,28.87195587158203,default
188979.201378,0.7956706881523132,28.995216369628906,default
188979.210979,0.7681176066398621,28.90982437133789,default
188979.22470199998,0.7104869484901428,28.832347869873047,default
188979.23411899997,0.7699593305587769,28.890018463134766,default
188979.246727,0.814307451248169,28.77190399169922,default
188979.26087,0.7837810516357422,28.43414306640625,default
188979.27049599998,0.8690123558044434,28.676942825317383,default
188979.28011899997,0.6997976899147034,28.575393676757812,default
188979.29838499997,0.917888879776001,28.527671813964844,default
188979.309243,0.7421833276748657,28.802837371826172,default
188979.32272899998,0.8922737240791321,28.5916690826416,default
188979.33289999998,0.8431776165962219,28.656063079833984,default
188979.345644,0.8024337887763977,28.496200561523438,default
188979.35723899998,0.8655882477760315,28.57882308959961,default
188979.367928,0.9014618396759033,28.400394439697266,default
188979.380598,0.761333167552948,28.62907600402832,default
188979.39078,0.8947837948799133,28.731252670288086,default
188979.40290999998,0.7698082327842712,28.476123809814453,default
188979.41210999998,0.9213727116584778,28.56119155883789,default
188979.42325899997,0.8542777299880981,28.594118118286133,default
188979.43650699998,0.7497991323471069,28.648645401000977,default
188979.44739299998,0.820229172706604,28.543882369995117,default
188979.460221,0.8922553062438965,28.711700439453125,default
188979.47067699998,0.8563355803489685,28.792842864990234,default
188979.479917,0.9510995745658875,28.485763549804688,default
188979.48928399998,0.9424574971199036,28.690563201904297,default
188979.50032599998,0.8734524250030518,28.796009063720703,default
188979.514278,0.6647584438323975,28.707517623901367,default
188979.52492599998,0.8810104727745056,28.451444625854492,default
188979.537651,0.8644664883613586,29.08606719970703,default
188979.54862999998,0.8727231621742249,28.797704696655273,default
188979.55937099998,0.8232231736183167,28.61192512512207,default
188979.57259999998,1.0,28.52086067199707,default
188979.58340499998,0.754667341709137,28.875181198120117,default
188979.59400699998,0.895489513874054,28.5356502532959,default
188979.606596,0.9328891634941101,28.66236114501953,default
188979.617469,0.9358488917350769,28.965038299560547,default
188979.626963,0.8255125880241394,28.28972816467285,default
188979.63974599997,0.9520806074142456,28.469505310058594,default
188979.65207299998,0.6507523059844971,28.236974716186523,default
188979.670116,0.6820439696311951,28.34292221069336,default
188979.68410999997,0.9143999218940735,28.833467483520508,default
188979.69629,0.7512255907058716,29.046833038330078,default
188979.70769399998,0.9167580604553223,28.910001754760742,default
188979.716784,0.9014508128166199,28.748332977294922,default
188979.73055399998,0.6909005641937256,29.07120704650879,default
188979.744637,0.828963577747345,28.927331924438477,default
188979.753497,0.8899826407432556,28.75585174560547,default
188979.765803,0.9781057238578796,28.506277084350586,default
188979.775179,0.9241635799407959,28.640527725219727,default
188979.787414,0.7586269378662109,28.762422561645508,default
188979.79699899998,0.8978765606880188,28.70149040222168,default
188979.80870499997,0.735368013381958,28.615575790405273,default
188979.818076,0.9208672642707825,28.47215461730957,default
188979.831812,0.8290658593177795,28.569982528686523,default
188979.84234799998,0.8733755350112915,28.54989242553711,default
188979.855143,0.8388863801956177,28.842466354370117,default
188979.86572799998,0.7629149556159973,28.46065902709961,default
188979.87599399997,0.8704702258110046,28.483110427856445,default
188979.89003799998,0.8068552613258362,28.485958099365234,default
188979.898883,0.7044299244880676,28.657207489013672,default
188979.908164,0.814508318901062,28.922090530395508,default
188979.921882,0.7640547752380371,28.930978775024414,default
188979.93222199997,0.9541594386100769,28.81727409362793,default
188979.944849,0.8051946759223938,28.62248992919922,default
188979.95437199998,0.8524261713027954,28.696060180664062,default
188979.96733599997,0.7490255832672119,28.946910858154297,default
188979.97725899998,0.9266766905784607,28.69050407409668,default
188979.98891599997,0.8303377032279968,28.904598236083984,default
188980.000136,0.8590527772903442,28.766477584838867,default
188980.00983599998,0.8484644293785095,28.423978805541992,default
188980.02291399997,0.7712452411651611,28.81433868408203,default
188980.032438,0.8050146102905273,29.096790313720703,default
188980.04551999999,0.9273847341537476,29.221426010131836,default
188980.05541499998,0.7328084111213684,28.78262710571289,default
188980.06932399998,0.7882310152053833,28.816999435424805,default
188980.08007899998,0.9111714959144592,28.65841293334961,default
188980.092254,0.8909152746200562,28.545555114746094,default
188980.100763,0.8486095666885376,29.055728912353516,default
188980.109779,0.9227856993675232,28.88347625732422,default
188980.12143499998,0.8223284482955933,28.752071380615234,default
188980.129514,0.8166773915290833,28.847272872924805,default
188980.143918,0.6562895178794861,28.826251983642578,default
188980.15840199997,0.7819951772689819,28.805627822875977,default
188980.167566,0.7890429496765137,28.961153030395508,default
188980.179966,0.8138619661331177,28.605701446533203,default
188980.19070799998,0.9442481398582458,28.66222381591797,default
188980.20328699998,1.0,28.840559005737305,default
188980.21393199998,0.7996973395347595,29.057537078857422,default
188980.22711299997,0.9913052320480347,28.590408325195312,default
188980.237188,0.9015958309173584,29.187490463256836,default
188980.24819399999,0.9148544669151306,28.974071502685547,default
188980.257338,0.9957699179649353,28.990516662597656,default
188980.26965899998,0.7153098583221436,28.54817008972168,default
188980.27876,0.9368307590484619,28.979291915893555,default
188980.28774799997,0.9228314161300659,28.604337692260742,default
188980.300616,0.89161616563797,28.750978469848633,default
188980.31144599998,0.9735853672027588,28.92400550842285,default
188980.32225099998,0.7346447706222534,29.23921012878418,default
188980.33167699998,0.8276500701904297,29.153547286987305,default
188980.343876,0.962178647518158,29.447311401367188,default
188980.35418499997,0.8626688122749329,29.168346405029297,default
188980.36899599998,0.8432639837265015,28.895401000976562,default
188980.379475,0.7334169745445251,29.0092830657959,default
188980.39003299997,0.8993945717811584,29.28170394897461,default
188980.399045,0.8736908435821533,28.9897518157959,default
188980.412686,0.8843575716018677,29.080242156982422,default
188980.42249099998,0.8769229650497437,28.800445556640625,default
188980.434135,0.9234301447868347,29.25782012939453,default
188980.44431199998,0.8380704522132874,29.121078491210938,default
188980.45741899998,0.9161154627799988,29.257221221923828,default
188980.46683299998,0.8380023837089539,28.871021270751953,default
188980.479428,0.8431593775749207,29.166149139404297,default
188980.48803699997,0.8120954036712646,29.40138053894043,default
188980.499869,0.8359186053276062,29.39861488342285,default
188980.51230099998,0.9231078028678894,29.08968162536621,default
188980.52197899998,0.7394870519638062,28.94113540649414,default
188980.535006,0.7874154448509216,29.293758392333984,default
188980.54483199999,0.8045904636383057,29.363435745239258,default
188980.55839,0.8449575901031494,29.01090431213379,default
188980.571382,0.7836005687713623,29.32815170288086,default
188980.582187,0.7348474860191345,29.12244415283203,default
188980.595019,0.8850943446159363,29.356813430786133,default
188980.60377,0.8649889230728149,29.23308563232422,default
188980.616778,0.9270649552345276,29.135496139526367,default
188980.625125,0.8367428779602051,29.08648109436035,default
188980.63769799998,0.7956825494766235,29.076217651367188,default
188980.647955,0.9065186381340027,29.229459762573242,default
188980.658626,0.9101093411445618,29.03322982788086,default
188980.67125699998,0.8649675250053406,29.534238815307617,default
188980.68158399998,0.8774545192718506,29.660400390625,default
188980.69089199998,0.9317415952682495,29.341583251953125,default
188980.704496,0.8899716734886169,29.347654342651367,default
188980.71874799998,0.879706859588623,29.569316864013672,default
188980.72839399998,0.8239683508872986,29.253999710083008,default
188980.74035699997,0.7831964492797852,29.508527755737305,default
188980.750599,0.846035361289978,29.36029624938965,default
188980.765055,0.8670869469642639,29.258594512939453,default
188980.77613399999,0.8320472240447998,29.196218490600586,default
188980.78891899998,0.8445945382118225,29.409500122070312,default
188980.799722,0.8682178258895874,29.151201248168945,default
188980.8093,0.801196277141571,29.367094039916992,default
188980.82377,0.7924754619598389,29.242631912231445,default
188980.83403899998,0.8169326186180115,29.404399871826172,default
188980.84681,0.8640351295471191,29.38962173461914,default
188980.85747299998,0.8493208289146423,29.470722198486328,default
188980.87035699998,0.8889471292495728,29.39560890197754,default
188980.882197,0.8796044588088989,29.123262405395508,default
188980.89205599998,0.8232445120811462,29.27899742126465,default
188980.905882,0.8559225797653198,29.327016830444336,default
188980.91693099999,0.8260233998298645,29.413267135620117,default
188980.92771,0.8282570242881775,29.560285568237305,default
188980.94134899997,0.8012906312942505,29.245651245117188,default
188980.950751,0.7990955114364624,29.419050216674805,default
188980.95946699998,0.7665795683860779,29.397432327270508,default
188980.966972,0.7214938998222351,29.475440979003906,default
188980.979282,0.8457424640655518,29.109603881835938,default
188980.988911,0.8631675839424133,29.402629852294922,default
188981.00055199998,0.8054161071777344,29.46187973022461,default
188981.009559,0.8881188631057739,29.539154052734375,default
188981.023662,0.8146018981933594,29.567867279052734,default
188981.03512999997,0.7621591687202454,29.4136962890625,default
188981.045797,0.8491150140762329,29.481687545776367,default
188981.05462699998,0.8251504898071289,28.97970199584961,default
188981.068145,0.9320080280303955,29.220008850097656,default
188981.076179,0.6672241687774658,29.31072235107422,default
188981.091215,0.7864991426467896,29.24397087097168,default
188981.10389899998,0.8459013104438782,29.065898895263672,default
188981.114335,0.9011580944061279,29.40671730041504,default
188981.126509,0.9427136778831482,29.522178649902344,default
188981.136358,0.7686824798583984,29.79343032836914,default
188981.14997799997,0.8709408640861511,29.614593505859375,default
188981.159123,0.8079958558082581,29.578460693359375,default
188981.17225499998,0.7637171745300293,29.631633758544922,default
188981.182033,0.8241811394691467,29.59622573852539,default
188981.19491299998,0.9202960729598999,29.784154891967773,default
188981.202485,0.782375693321228,29.4711971282959,default
188981.21372399997,0.835810124874115,29.472965240478516,default
188981.2255,0.7151053547859192,29.073558807373047,default
188981.23767099998,0.8243781328201294,29.242633819580078,default
188981.247959,0.9572509527206421,29.687097549438477,default
188981.257957,0.8086950182914734,29.73125457763672,default
188981.27272299997,0.6883677840232849,29.412004470825195,default
188981.29686399997,0.7727217078208923,29.297775268554688,default
188981.306694,0.9094184041023254,29.297582626342773,default
188981.31860099998,0.8007526397705078,29.52475357055664,default
188981.327173,0.7509675621986389,29.230703353881836,default
188981.339995,0.8303095102310181,29.260547637939453,default
188981.34989299998,0.7656599283218384,29.314905166625977,default
188981.35885599998,0.8156449198722839,29.40134620666504,default
188981.369675,0.8820425868034363,29.374635696411133,default
188981.38074999998,0.8685128688812256,29.326011657714844,default
188981.39018,0.7745115160942078,29.250612258911133,default
188981.399974,0.8423522710800171,29.545995712280273,default
188981.409746,0.8644274473190308,29.522830963134766,default
188981.420273,0.830832839012146,29.410181045532227,default
188981.427776,0.8465545177459717,29.432767868041992,default
188981.438706,0.7630334496498108,29.22519302368164,default
188981.44797799998,0.7415141463279724,29.490251541137695,default
188981.46188299998,0.8282516002655029,29.341732025146484,default
188981.47125499998,0.8832725882530212,29.42978858947754,default
188981.484015,0.7797529101371765,29.33736801147461,default
188981.495007,0.7899805903434753,29.593088150024414,default
188981.508607,0.807468831539154,29.257083892822266,default
188981.51816299997,0.7296575903892517,29.638383865356445,default
188981.53199599998,0.8381528258323669,29.492961883544922,default
188981.539654,0.8588433861732483,29.49730110168457,default
188981.546285,0.8048100471496582,29.647750854492188,default
188981.55663699997,0.8746342062950134,29.6463623046875,default
188981.56646099998,0.884645402431488,29.290809631347656,default
188981.576668,0.8862719535827637,29.288183212280273,default
188981.589089,0.8076173663139343,29.124122619628906,default
188981.599059,0.8264481425285339,29.263301849365234,default
188981.613395,0.8206667304039001,29.368501663208008,default
188981.621639,0.8750856518745422,29.137895584106445,default
188981.634666,0.7032644748687744,29.373620986938477,default
188981.64471999998,0.7677405476570129,29.076250076293945,default
188981.660377,0.9293297529220581,29.295578002929688,default
188981.669593,0.9068641066551208,29.11333465576172,default
188981.67718499998,0.8416669964790344,29.173099517822266,default
188981.68530699998,0.865361750125885,29.364910125732422,default
188981.698422,0.8249275088310242,29.23114776611328,default
188981.70816299997,0.8934453725814819,29.219562530517578,default
188981.72224899998,0.9066227674484253,29.15685272216797,default
188981.73595499998,0.7629477977752686,29.22925567626953,default
188981.74628199998,0.7282281517982483,29.31739616394043,default
188981.75936999999,0.851814329624176,29.266555786132812,default
188981.76994799997,0.8889164924621582,29.256938934326172,default
188981.783439,0.9394540190696716,29.556447982788086,default
188981.792739,0.732290506362915,29.42098045349121,default
188981.80150399997,0.748251736164093,29.51002311706543,default
188981.81195799998,0.7837521433830261,29.038366317749023,default
188981.82607399998,0.8969249725341797,29.187747955322266,default
188981.83637099998,0.849118173122406,29.16054344177246,default
188981.84745399997,0.8279524445533752,29.110044479370117,default
188981.85636399998,0.9514523148536682,29.047218322753906,default
188981.866793,0.7877742648124695,29.336511611938477,default
188981.87751999998,0.8672875761985779,29.41902732849121,default
188981.88713299998,0.778730571269989,29.476186752319336,default
188981.896423,0.873382568359375,28.90035629272461,default
188981.902557,0.8160916566848755,29.071191787719727,default
188981.90932699997,0.8835537433624268,29.070030212402344,default
188981.92397799998,0.7146109342575073,29.112293243408203,default
188981.934326,0.9068906307220459,29.263065338134766,default
188981.94741899997,0.8194708228111267,29.3239688873291,default
188981.95814099998,0.7694392800331116,29.148269653320312,default
188981.97057499998,0.8499736189842224,29.177288055419922,default
188981.98179599998,0.8821478486061096,29.36349105834961,default
188981.996035,0.8912783265113831,29.474109649658203,default
188982.008301,0.7782010436058044,29.14488983154297,default
188982.014355,0.7454972267150879,28.972129821777344,default
188982.025867,0.8275079727172852,28.86174201965332,default
188982.03443899998,0.9227838516235352,29.22456932067871,default
188982.043889,0.7461376190185547,28.95379638671875,default
188982.053816,0.7995706796646118,28.93299674987793,default
188982.06628799997,0.7608426809310913,29.17377471923828,default
188982.076412,0.8313199877738953,29.04453468322754,default
188982.09024299998,0.7568091750144958,28.9346981048584,default
188982.100905,0.8268547058105469,29.316993713378906,default
188982.114086,0.8846831321716309,29.190645217895508,default
188982.12279499997,0.8035710453987122,29.091583251953125,default
188982.135587,0.8915103673934937,29.183752059936523,default
188982.142952,0.9578766822814941,29.250364303588867,default
188982.150295,0.7072696685791016,29.177040100097656,default
188982.161792,0.8880999684333801,29.067827224731445,default
188982.17035,0.8452700972557068,29.43026351928711,default
188982.180156,0.9337704181671143,29.247539520263672,default
188982.192675,0.8702734112739563,29.21884536743164,default
188982.202852,0.8191277980804443,28.986454010009766,default
188982.213211,0.8225145936012268,29.32778549194336,default
188982.226619,0.8510281443595886,28.985227584838867,default
188982.23531999998,0.8933053016662598,29.16503143310547,default
188982.24592199997,0.854812741279602,29.046096801757812,default
188982.254961,0.9292340874671936,28.985008239746094,default
188982.267734,0.75667804479599,29.111652374267578,default
188982.27726399997,0.8562109470367432,28.943859100341797,default
188982.288048,0.6957349181175232,28.865493774414062,default
188982.301991,0.8130096197128296,29.002370834350586,default
188982.31208399998,0.8453969955444336,29.13654899597168,default
188982.32092899998,0.871368408203125,29.133169174194336,default
188982.33280499998,0.8748902678489685,29.211109161376953,default
188982.34248499997,0.79733806848526,29.167497634887695,default
188982.35154799998,0.8966287970542908,29.079662322998047,default
188982.363774,0.9186816811561584,28.907962799072266,default
188982.372449,0.7856199145317078,29.03310775756836,default
188982.38578699998,0.8533925414085388,29.113656997680664,default
188982.396236,0.7846177816390991,28.926057815551758,default
188982.40930799997,0.7742452621459961,29.128625869750977,default
188982.41856299998,0.7452452182769775,29.244050979614258,default
188982.42817,0.8910258412361145,29.06817626953125,default
188982.440523,0.7813708782196045,29.097923278808594,default
188982.451416,0.8442736864089966,28.931015014648438,default
188982.46162299998,0.8617604374885559,29.155839920043945,default
188982.47553999998,0.8458172678947449,29.302288055419922,default
188982.48425699997,0.8003451824188232,29.2105712890625,default
188982.495007,0.8563008308410645,29.259599685668945,default
188982.508629,0.8886404037475586,29.381250381469727,default
188982.51864899998,0.9057904481887817,29.14906120300293,default
188982.52800199998,0.860700249671936,29.05868148803711,default
188982.539853,0.808404803276062,29.128183364868164,default
188982.548759,0.8555949926376343,29.124006271362305,default
188982.558651,0.8009644746780396,29.13031578063965,default
188982.571339,1.0,29.094802856445312,default
188982.581721,0.8465626835823059,29.11355972290039,default
188982.59694599998,0.8618045449256897,29.06503677368164,default
188982.610192,0.9080389738082886,29.072879791259766,default
188982.620683,0.8729589581489563,28.911773681640625,default
188982.630156,0.8079833388328552,28.985748291015625,default
188982.642944,0.9336970448493958,29.16375732421875,default
188982.654545,0.7429978847503662,29.065292358398438,default
188982.66781999997,0.7785471677780151,29.262405395507812,default
188982.67775799998,0.8208417296409607,29.36279296875,default
188982.692143,0.877865195274353,29.258752822875977,default
188982.702504,0.9101688861846924,29.099117279052734,default
188982.71554399998,0.913523256778717,28.95218849182129,default
188982.72613099997,0.8672769665718079,29.362695693969727,default
188982.73366499998,0.8397640585899353,29.028581619262695,default
188982.74373299998,0.8265478014945984,28.916746139526367,default
188982.753703,0.9444586038589478,28.98340606689453,default
188982.76415099998,0.9025055766105652,29.10050392150879,default
188982.779315,0.8399718403816223,28.955183029174805,default
188982.78985799997,0.93504399061203,29.05556869506836,default
188982.80349599998,0.831550657749176,28.991497039794922,default
188982.817769,0.8536133170127869,28.981704711914062,default
188982.82819499998,0.8178601264953613,28.93096923828125,default
188982.839208,0.8909257650375366,28.918880462646484,default
188982.850308,0.9862303733825684,29.545337677001953,default
188982.86187499997,0.9137709140777588,29.17371368408203,default
188982.872056,0.8969939947128296,29.518041610717773,default
188982.88621599998,0.7995595335960388,29.19934844970703,default
188982.896625,0.7669066190719604,29.316402435302734,default
188982.906444,0.8343079090118408,29.372617721557617,default
188982.919412,0.7663459181785583,28.98499298095703,default
188982.931337,0.9591473937034607,29.287277221679688,default
188982.944337,0.8387399315834045,29.132015228271484,default
188982.95600099998,0.8661536574363708,29.08937644958496,default
188982.969506,0.7996330261230469,29.01087760925293,default
188982.97921299998,0.832619309425354,29.32594108581543,default
188982.99143599998,0.812634289264679,29.11359214782715,default
188983.00210299998,0.7356157898902893,29.331621170043945,default
188983.01149799998,0.8477111458778381,28.813274383544922,default
188983.022168,0.8883309364318848,29.21794319152832,default
188983.032052,0.9345743060112,29.1082763671875,default
188983.04417799998,0.9366697669029236,28.828094482421875,default
188983.05662999998,0.8308525681495667,29.25721549987793,default
188983.06998399997,0.8880840539932251,29.073043823242188,default
188983.08012,0.9166672825813293,29.143844604492188,default
188983.088994,0.8489535450935364,29.11046028137207,default
188983.10209799997,0.6971582770347595,29.045042037963867,default
188983.12457599997,0.9755529165267944,29.41030502319336,default
188983.13520299998,0.9586026072502136,29.426170349121094,default
188983.148566,0.7260833978652954,29.038776397705078,default
188983.15798999998,0.8566685914993286,29.309825897216797,default
188983.171148,0.9444975256919861,29.447580337524414,default
188983.180692,0.9234399199485779,29.08572006225586,default
188983.19507599997,0.8832828998565674,29.26185417175293,default
188983.20306399997,0.7609866261482239,29.135040283203125,default
188983.21124499998,0.8840759992599487,29.11309051513672,default
188983.22217099997,0.8333507180213928,29.449195861816406,default
188983.23541999998,0.849688708782196,29.20775604248047,default
188983.24496299998,0.7345235347747803,29.31836700439453,default
188983.254054,0.9278660416603088,29.008167266845703,default
188983.266155,0.8804186582565308,29.18218994140625,default
188983.277289,0.9330942034721375,29.528535842895508,default
188983.28739999997,0.9084456562995911,29.430294036865234,default
188983.300051,0.8051651120185852,29.42107391357422,default
188983.30908699997,0.7960684895515442,29.400972366333008,default
188983.32127299998,0.8984233736991882,29.07598876953125,default
188983.32845499998,0.8496652841567993,28.93135643005371,default
188983.34034,0.8458637595176697,29.13430404663086,default
188983.35161699998,0.8065620064735413,29.458194732666016,default
188983.36653,0.712081789970398,29.220108032226562,default
188983.377988,0.9580830335617065,29.365039825439453,default
188983.388223,0.9276155233383179,29.325035095214844,default
188983.401128,0.8784670233726501,29.283601760864258,default
188983.41151399998,0.813669741153717,29.028236389160156,default
188983.42496399998,0.9059553742408752,29.3676815032959,default
188983.438416,0.8703261613845825,29.298540115356445,default
188983.447667,0.829993486404419,29.24941635131836,default
188983.457585,0.8159881234169006,29.28145408630371,default
188983.469552,0.7909680604934692,29.29423713684082,default
188983.48029699997,0.9275761246681213,29.757795333862305,default
188983.49419899998,0.8353610634803772,29.651554107666016,default
188983.50684199997,0.888232409954071,29.43427848815918,default
188983.51657299997,0.9250589609146118,29.490198135375977,default
188983.525856,0.8523191213607788,29.61248207092285,default
188983.53848599998,0.7281745672225952,29.479068756103516,default
188983.54811499998,0.949177622795105,29.689014434814453,default
188983.556698,0.8859825730323792,29.665573120117188,default
188983.56832599998,0.9242937564849854,29.394548416137695,default
188983.57726599998,0.7720946073532104,29.495576858520508,default
188983.58703499998,0.9547868967056274,29.026721954345703,default
188983.59762999997,0.8950846791267395,29.41881561279297,default
188983.61252999998,0.8951402306556702,29.534093856811523,default
188983.62308199998,0.8625601530075073,29.507831573486328,default
188983.63345199998,0.8651056289672852,29.334230422973633,default
188983.64774,0.8747116327285767,29.77610206604004,default
188983.658293,0.8773658871650696,29.497058868408203,default
188983.66931199998,0.6995459794998169,29.53074836730957,default
188983.682002,1.0,29.39006233215332,default
188983.694489,0.8894070982933044,29.431640625,default
188983.70408099997,0.8619536757469177,29.54952621459961,default
188983.716172,0.8692930340766907,29.53329849243164,default
188983.72587899998,0.9051265716552734,29.44559097290039,default
188983.739809,1.0,29.118528366088867,default
188983.753037,1.0,29.82162094116211,default
188983.76197999998,0.9106285572052002,29.1469669342041,default
188983.771541,0.8094840049743652,29.481698989868164,default
188983.786046,0.8372576236724854,29.398805618286133,default
188983.79575,0.8840562105178833,29.538204193115234,default
188983.806582,0.9275884032249451,29.414491653442383,default
188983.81676299998,0.9237538576126099,29.123779296875,default
188983.82599299998,0.899660587310791,29.51152992248535,default
188983.838635,0.9169496297836304,29.202360153198242,default
188983.85296699998,0.983954906463623,29.354408264160156,default
188983.863868,0.9821600914001465,29.740192413330078,default
188983.87346899998,0.9764981865882874,29.531612396240234,default
188983.88762,0.9374729990959167,29.537418365478516,default
188983.90023899998,0.8036665916442871,29.580608367919922,default
188983.912872,0.7896473407745361,29.25481414794922,default
188983.92270199998,0.751623272895813,29.338552474975586,default
188983.93324399999,0.7760583162307739,29.523914337158203,default
188983.94649799998,0.9422920942306519,29.442781448364258,default
188983.957221,0.90626060962677,29.487548828125,default
188983.97104499998,0.8952392339706421,29.383100509643555,default
188983.98166299998,0.882485032081604,29.4464168548584,default
188983.99174099998,0.9054981470108032,29.243755340576172,default
188984.00581499998,0.8897045254707336,29.48617935180664,default
188984.02148999998,0.8744122385978699,29.601245880126953,default
188984.03194999998,0.9190593361854553,29.476627349853516,default
188984.043839,0.7595024704933167,29.229778289794922,default
188984.053302,0.9100046157836914,29.700559616088867,default
188984.06328399997,0.7046790719032288,29.418880462646484,default
188984.075522,0.9518062472343445,29.395112991333008,default
188984.08555999998,0.9377483129501343,29.581205368041992,default
188984.094731,0.9455114006996155,29.311962127685547,default
188984.107898,0.8269715309143066,29.442411422729492,default
188984.118169,0.8886728882789612,29.617725372314453,default
188984.128358,0.872791051864624,29.589977264404297,default
188984.14085999998,0.7832559943199158,29.317188262939453,default
188984.149376,0.8905461430549622,29.278797149658203,default
188984.15713099999,0.9071702361106873,28.84442138671875,default
188984.169677,0.8171283006668091,29.452043533325195,default
188984.18150699997,0.8012635707855225,29.578475952148438,default
188984.190201,0.8203741312026978,29.617698669433594,default
188984.202207,0.9554696679115295,29.48609161376953,default
188984.210467,1.0,29.59484100341797,default
188984.22072299998,0.8268271684646606,29.701908111572266,default
188984.233885,0.9122849106788635,29.727371215820312,default
188984.24449699998,0.9842358231544495,29.3056640625,default
188984.25610799997,0.7434909343719482,29.14620590209961,default
188984.266063,0.9207451939582825,29.316287994384766,default
188984.27815199998,0.8713906407356262,29.33220672607422,default
188984.288034,0.9313867688179016,29.52931022644043,default
188984.30213,0.8089274764060974,29.024160385131836,default
188984.31271099998,0.9192633032798767,29.270254135131836,default
188984.32455299998,0.8598348498344421,29.786296844482422,default
188984.33382399997,0.9441291689872742,29.565309524536133,default
188984.34589099998,0.8278986215591431,29.4216365814209,default
188984.355354,0.9339351058006287,29.357852935791016,default
188984.36820199998,0.9900134205818176,29.339529037475586,default
188984.37896499998,0.8385988473892212,29.065629959106445,default
188984.389707,0.8870008587837219,29.496566772460938,default
188984.39968899998,0.8806846141815186,29.41238021850586,default
188984.413848,0.8842143416404724,29.26481819152832,default
188984.423499,0.8687525987625122,29.524333953857422,default
188984.436619,0.8906688690185547,29.006044387817383,default
188984.44728899997,0.9262006878852844,29.0687313079834,default
188984.45598,0.966749370098114,29.678312301635742,default
188984.47035999998,0.8907821774482727,29.391496658325195,default
188984.47999599998,0.8773496150970459,29.55168342590332,default
188984.493619,0.8366269469261169,29.370285034179688,default
188984.504455,1.0,29.251205444335938,default
188984.51815199998,1.0,28.92143440246582,default
188984.530794,0.8816444277763367,29.137903213500977,default
188984.54327999998,0.7597074508666992,29.22144889831543,default
188984.55587399998,0.8528122305870056,29.04937171936035,default
188984.570385,0.8153794407844543,29.886117935180664,default
188984.58128299998,0.8538906574249268,29.61557388305664,default
188984.59164799997,0.7798384428024292,29.546592712402344,default
188984.604467,0.999183177947998,29.45099449157715,default
188984.615215,0.9383805394172668,29.557558059692383,default
188984.62728699998,0.8759986162185669,29.249967575073242,default
188984.636397,0.8865633010864258,29.25149154663086,default
188984.64844299998,0.8642606735229492,29.15123176574707,default
188984.65873999998,0.8744956254959106,29.175216674804688,default
188984.67162299997,0.8902119398117065,29.168827056884766,default
188984.68324299998,0.9181333184242249,29.236135482788086,default
188984.69521499999,0.8709307909011841,29.27658462524414,default
188984.704557,0.9133286476135254,29.09569549560547,default
188984.714878,0.8799026012420654,29.21061897277832,default
188984.72920099998,0.8586726784706116,29.269628524780273,default
188984.74099,0.8937713503837585,29.324556350708008,default
188984.752297,0.8013694286346436,29.21719741821289,default
188984.76146299997,0.9898797869682312,29.286205291748047,default
188984.774075,0.8136051893234253,29.049123764038086,default
188984.78572299998,0.8822911381721497,29.117773056030273,default
188984.795269,0.8991972208023071,29.778871536254883,default
188984.80979799997,0.9291068911552429,29.447975158691406,default
188984.82018399998,0.8866450190544128,29.351730346679688,default
188984.830292,0.8639744520187378,29.50796127319336,default
188984.84467599998,0.9011434316635132,29.714067459106445,default
188984.858755,0.940736711025238,29.608787536621094,default
188984.865689,1.0,29.493701934814453,default
188984.87332599997,0.8520734310150146,29.267715454101562,default
188984.882346,0.8367116451263428,29.154935836791992,default
188984.889287,0.7955342531204224,29.38498878479004,default
188984.89978299997,0.8172591924667358,29.456514358520508,default
188984.912849,0.8014758229255676,28.93683624267578,default
188984.922719,0.8693794012069702,29.25128173828125,default
188984.93603399998,0.9773350954055786,29.452880859375,default
188984.94636399997,0.9776639938354492,29.23990821838379,default
188984.96061799998,0.8445562720298767,29.619970321655273,default
188984.974906,0.8906311988830566,29.3157901763916,default
188984.98505599998,0.9340770840644836,29.532377243041992,default
188984.99601799998,0.7631573677062988,29.593353271484375,default
188985.008233,0.8638368844985962,29.159852981567383,default
188985.01799899997,0.8799187541007996,29.354084014892578,default
188985.026941,0.863447904586792,29.32683563232422,default
188985.039731,0.8827725648880005,29.451322555541992,default
188985.049163,0.8833643794059753,29.174814224243164,default
188985.058735,1.0,29.06764793395996,default
188985.071646,0.8794435858726501,29.297327041625977,default
188985.081905,0.8022341728210449,29.47999382019043,default
188985.093107,0.8815367221832275,29.717741012573242,default
188985.107915,0.900674045085907,29.436975479125977,default
188985.11878599998,0.9933091998100281,29.698137283325195,default
188985.12837599998,0.8817787766456604,29.323863983154297,default
188985.14266299998,0.9027330875396729,29.47948455810547,default
188985.155568,0.9142041206359863,29.322721481323242,default
188985.16606299998,0.9687115550041199,29.526878356933594,default
188985.179213,0.9818972945213318,29.162200927734375,default
188985.19361199997,0.8014947772026062,29.20038414001465,default
188985.20382499998,0.8064510226249695,29.3791446685791,default
188985.215534,0.860008716583252,29.359786987304688,default
188985.2212,0.8102478981018066,29.267221450805664,default
188985.23064499997,0.7705427408218384,29.567869186401367,default
188985.24388199998,0.9043703675270081,29.45331382751465,default
188985.253535,0.9922618865966797,29.10040855407715,default
188985.26766699998,0.9506569504737854,29.331619262695312,default
188985.278475,0.9964479804039001,29.26874542236328,default
188985.287881,0.8481920957565308,29.411287307739258,default
188985.299627,0.8149235844612122,29.47126007080078,default
188985.31330399998,0.8674710988998413,29.573671340942383,default
188985.323239,0.9405153393745422,29.6424560546875,default
188985.33655299997,0.8260419368743896,29.412729263305664,default
188985.347549,0.8526520133018494,29.40223503112793,default
188985.357563,0.9393234252929688,29.231876373291016,default
188985.37064699997,0.9202051758766174,29.053987503051758,default
188985.38019499998,0.9252148270606995,29.34290885925293,default
188985.390143,0.9109675288200378,29.43165397644043,default
188985.404495,0.8482215404510498,29.56533432006836,default
188985.41462,0.9386013150215149,29.704242706298828,default
188985.42645,0.9050340056419373,29.5969295501709,default
188985.43824999998,0.8852267861366272,29.347557067871094,default
188985.44555399998,0.7896020412445068,29.374713897705078,default
188985.45351199998,0.9840150475502014,29.87017250061035,default
188985.462255,0.9043439030647278,29.08456802368164,default
188985.47401799998,0.7249065637588501,29.39800453186035,default
188985.48355099998,0.8862830996513367,29.540000915527344,default
188985.491598,0.9804529547691345,29.148616790771484,default
188985.50441499997,0.9496352076530457,29.193452835083008,default
188985.515257,0.833964467048645,29.1466007232666,default
188985.52514699998,0.8358862400054932,29.518850326538086,default
188985.53827599998,0.8141010999679565,29.305564880371094,default
188985.54815699998,0.708794891834259,29.839923858642578,default
188985.561616,0.8392228484153748,29.290912628173828,default
188985.570472,0.8761613965034485,29.700313568115234,default
188985.580609,0.7107589244842529,29.477441787719727,default
188985.59191699998,0.8956975340843201,29.98834800720215,default
188985.60177399998,0.9844087958335876,29.594131469726562,default
188985.61192199998,0.9246906042098999,29.14306640625,default
188985.62587,0.9608875513076782,29.002660751342773,default
188985.63673899998,0.886330246925354,29.481653213500977,default
188985.650081,0.8424128890037537,29.53052520751953,default
188985.660909,0.9269804954528809,29.327646255493164,default
188985.67324799998,0.8333145380020142,29.4517765045166,default
188985.68113799999,0.9190636873245239,29.3900146484375,default
188985.69096699997,0.7901210188865662,29.303754806518555,default
188985.70018999997,0.9101638793945312,29.709606170654297,default
188985.713168,0.8158404231071472,29.295888900756836,default
188985.72252699998,0.8251327872276306,29.5540828704834,default
188985.734975,0.8862994313240051,29.41120719909668,default
188985.744166,0.8805293440818787,30.18427848815918,default
188985.754208,0.8608998656272888,29.56975746154785,default
188985.76628699998,0.8215175867080688,29.399274826049805,default
188985.78190399997,0.9385154247283936,29.414501190185547,default
188985.79506899999,0.8697535395622253,29.656728744506836,default
188985.80602199998,0.9396241307258606,29.667749404907227,default
188985.81452699998,0.9523548483848572,29.39659881591797,default
188985.824817,0.9401106834411621,29.611804962158203,default
188985.83832399998,0.8981893062591553,29.842544555664062,default
188985.848971,0.7688086628913879,29.334754943847656,default
188985.86075599998,0.7954115867614746,29.589216232299805,default
188985.87104899998,0.9367563128471375,29.34726333618164,default
188985.883336,0.9513629674911499,29.536962509155273,default
188985.89314899998,0.8583401441574097,29.573657989501953,default
188985.90734399998,0.8725174069404602,29.63760757446289,default
188985.91526399998,0.9597342014312744,29.32792854309082,default
188985.927706,0.8981469869613647,29.5286808013916,default
188985.93768899998,0.9291549921035767,29.235565185546875,default
188985.95004899998,0.8990628719329834,29.33211898803711,default
188985.961369,0.9290469884872437,29.351930618286133,default
188985.97612099999,0.8365963101387024,29.47528076171875,default
188985.99004399998,0.9490932822227478,29.353885650634766,default
188986.00055599998,0.810766339302063,29.251617431640625,default
188986.01299299998,0.9226803779602051,29.67220687866211,default
188986.022607,0.8928219079971313,29.42204475402832,default
188986.033595,0.7484527230262756,29.109189987182617,default
188986.045946,0.8875635862350464,29.202516555786133,sitting
188986.05632499998,0.9183010458946228,29.65732765197754,sitting
188986.071897,0.926084578037262,29.405834197998047,sitting
188986.082531,0.9414994120597839,29.65650749206543,sitting
188986.09191199997,0.8495742082595825,29.878145217895508,sitting
188986.10495399998,1.0,29.58595848083496,sitting
188986.118596,0.8957296013832092,29.816617965698242,sitting
188986.13078699997,0.891788899898529,29.707508087158203,sitting
188986.14084799998,0.9590697288513184,29.894611358642578,sitting
188986.176798,0.9461924433708191,29.566205978393555,sitting
188986.18990099998,0.9604293704032898,29.659421920776367,sitting
188986.20212899998,0.9551509022712708,29.77479362487793,sitting
188986.21224499997,1.0,29.41472816467285,sitting
188986.22293,0.9783200025558472,29.37972068786621,sitting
188986.232586,0.9411962628364563,29.686277389526367,sitting
188986.243146,0.926372230052948,29.332216262817383,sitting
188986.25543599998,0.882491409778595,29.576509475708008,sitting
188986.26358799997,0.8539950847625732,29.44519805908203,sitting
188986.27388499997,0.9110428690910339,29.52068519592285,sitting
188986.281483,0.9224119782447815,29.933542251586914,sitting
188986.28839799998,0.9740569591522217,29.98457145690918,sitting
188986.29738099998,0.8990037441253662,29.715744018554688,sitting
188986.30924799998,0.9294725656509399,29.4697208404541,sitting
188986.32053599998,0.811487078666687,29.45096206665039,sitting
188986.33407299998,0.9329739809036255,29.869457244873047,sitting
188986.34480899997,1.0,29.377199172973633,sitting
188986.355643,0.8977182507514954,29.832759857177734,sitting
188986.363333,0.9025793671607971,29.758604049682617,sitting
188986.37644499997,0.8603954315185547,29.50452995300293,sitting
188986.38302799998,0.9221762418746948,29.393320083618164,sitting
188986.39067999998,0.9263704419136047,29.514644622802734,sitting
188986.403295,0.8148733377456665,29.713319778442383,sitting
188986.415943,0.9820922017097473,29.68885040283203,sitting
188986.427073,0.8978686332702637,29.903892517089844,sitting
188986.438665,0.8599430918693542,29.9554500579834,sitting
188986.44902499998,0.9164958596229553,29.82596206665039,sitting
188986.45976199998,0.9456769227981567,29.665327072143555,sitting
188986.47249199997,0.9009550213813782,29.520898818969727,sitting
188986.48575499997,0.853671133518219,29.562280654907227,sitting
188986.49601799998,0.7598393559455872,29.7105655670166,sitting
188986.50550199999,0.9845755100250244,29.630916595458984,sitting
188986.51477299997,0.8767880797386169,29.632333755493164,sitting
188986.523636,0.9053183794021606,30.064699172973633,sitting
188986.53578799998,0.8815866708755493,29.830490112304688,sitting
188986.54652499998,0.7766281962394714,29.539474487304688,sitting
188986.55851899998,0.9495988488197327,29.697498321533203,sitting
188986.56718999997,0.9050674438476562,29.535099029541016,sitting
188986.581706,0.7808716297149658,29.93162727355957,sitting
188986.59134999997,0.9106999635696411,29.611255645751953,sitting
188986.60039299997,0.8927724361419678,29.651491165161133,sitting
188986.61260099997,0.8647428154945374,29.780576705932617,sitting
188986.62191999998,0.8069270253181458,29.665206909179688,sitting
188986.63438899998,0.8186801671981812,29.68492317199707,sitting
188986.64604599998,0.7973546981811523,29.878646850585938,sitting
188986.657644,0.9772778153419495,29.659469604492188,sitting
188986.667119,0.8639639616012573,29.810121536254883,sitting
188986.67768,0.8546828031539917,29.542137145996094,sitting
188986.691058,0.8115518093109131,29.879011154174805,sitting
188986.701328,0.9421760439872742,29.69816780090332,sitting
188986.71158899998,0.9085009098052979,29.74721336364746,sitting
188986.72268699997,0.957074761390686,29.99517822265625,sitting
188986.73133699998,0.8583825826644897,29.951499938964844,sitting
188986.73954799998,0.8549849987030029,29.429719924926758,sitting
188986.75135799998,0.9990435242652893,29.758399963378906,sitting
188986.76194599998,0.940557062625885,29.51872444152832,sitting
188986.77490599998,0.8218165040016174,29.633583068847656,sitting
188986.78451499998,0.8610014319419861,29.570785522460938,sitting
188986.795429,1.0,29.591983795166016,sitting
188986.804309,0.8899480104446411,29.77626609802246,sitting
188986.818557,0.9348267316818237,29.85932159423828,sitting
188986.827936,1.0,29.645896911621094,sitting
188986.840084,0.9222768545150757,29.81598663330078,sitting
188986.849417,0.7695426344871521,29.701448440551758,sitting
188986.85830999998,0.940264105796814,29.612327575683594,sitting
188986.87026199998,0.9260830879211426,29.698257446289062,sitting
188986.88013499998,0.8867880702018738,29.8291072845459,sitting
188986.89187499997,0.8120394349098206,29.81585121154785,sitting
188986.90171499999,0.7927271723747253,29.678119659423828,sitting
188986.91590199998,0.7777875661849976,29.741830825805664,sitting
188986.927054,0.7409000396728516,29.48750877380371,sitting
188986.94087999998,0.8957130908966064,29.625951766967773,sitting
188986.95202899998,0.7771981358528137,29.928390502929688,sitting
188986.962214,0.805851936340332,29.664588928222656,sitting
188986.976165,0.9302000999450684,29.478147506713867,sitting
188986.986545,0.8012909293174744,29.517192840576172,sitting
188987.000095,0.8849478960037231,29.719881057739258,sitting
188987.01004999998,0.9491966962814331,29.687969207763672,sitting
188987.02309399997,0.9218364953994751,29.769962310791016,sitting
188987.03284499998,0.8641437292098999,29.471052169799805,sitting
188987.04686099998,0.8643199801445007,29.52230453491211,sitting
188987.057021,0.8605433106422424,29.431238174438477,sitting
188987.069808,0.9458033442497253,29.66885757446289,sitting
188987.079905,0.8723462820053101,29.696748733520508,sitting
188987.092961,0.9268213510513306,29.679222106933594,sitting
188987.10229399998,0.8519882559776306,29.61920928955078,sitting
188987.111691,0.8841597437858582,29.613569259643555,sitting
188987.123623,0.9248406887054443,29.667665481567383,sitting
188987.134387,0.8193879723548889,29.720197677612305,sitting
188987.143835,1.0,29.652055740356445,sitting
188987.156903,0.8180509209632874,29.795490264892578,sitting
188987.166076,0.9326323866844177,29.954914093017578,sitting
188987.18018499998,0.9188460111618042,29.914262771606445,sitting
188987.192098,0.935156524181366,29.70665740966797,sitting
188987.205799,0.9343401193618774,29.469968795776367,sitting
188987.213386,0.94533771276474,30.129318237304688,sitting
188987.221123,0.8976470828056335,29.632055282592773,sitting
188987.23164699998,0.8210909962654114,29.630552291870117,sitting
188987.24421499998,0.8967646956443787,29.702836990356445,sitting
188987.25365499998,0.8276248574256897,29.620716094970703,sitting
188987.26430699998,0.8203701376914978,29.67270278930664,sitting
188987.27620599998,0.8676612377166748,29.878429412841797,sitting
188987.286707,0.7767091989517212,28.884714126586914,sitting
188987.300436,0.7033293843269348,28.352476119995117,sitting
188987.31141899998,0.49030211567878723,28.072114944458008,sitting
188987.33364599998,0.0,0.0,sitting
188987.355029,0.0,0.0,sitting
188987.37418599997,0.0,0.0,sitting
188987.390069,0.8024941760783542,15.083826065063477,sitting
188987.428585,0.5884963870048523,15.525449752807617,sitting
188987.442717,0.6874701380729675,15.996184349060059,sitting
188987.45797599998,0.8369259238243103,17.570350646972656,sitting
188987.46620999998,0.5427497625350952,18.145862579345703,sitting
188987.48409699998,0.0,0.0,sitting
188987.508061,0.0,0.0,sitting
188987.52612599998,0.6050174801754814,33.1070556640625,sitting
188987.54886299997,0.9422936373856958,15.684381484985352,sitting
188987.56538299998,0.6521351933479309,16.89727783203125,sitting
188987.583608,0.8218286633491516,17.59885597229004,sitting
188987.593363,0.5170924067497253,18.468305587768555,sitting
188987.61427899997,0.8426169157028198,19.224411010742188,sitting
188987.624586,0.6606259942054749,20.200387954711914,sitting
188987.646885,0.5533026456832886,19.62141990661621,sitting
188987.667949,0.4765610992908478,20.99837303161621,sitting
188987.684851,0.562114417552948,21.498193740844727,sitting
188987.70571299997,0.8533294200897217,22.046356201171875,sitting
188987.715763,0.650578498840332,21.35121726989746,sitting
188987.735621,0.44645652174949646,22.658109664916992,sitting
188987.75565399998,0.50725919008255,22.601383209228516,sitting
188987.77300299998,0.4584749639034271,22.359710693359375,sitting
188987.792199,0.6611753106117249,23.946956634521484,sitting
188987.81024,0.5132582783699036,23.20160484313965,sitting
188987.833988,0.4783257246017456,22.146583557128906,sitting
188987.85602399998,0.5329782366752625,22.91091537475586,sitting
188987.87858299998,0.6332460641860962,23.273977279663086,sitting
188987.902519,0.3954063951969147,23.917186737060547,sitting
188987.922917,0.5159977078437805,24.61057472229004,sitting
188987.941417,0.5038353204727173,24.15372085571289,sitting
188987.96109099998,0.47478964924812317,25.03173828125,sitting
188987.976455,0.4721747040748596,24.05863380432129,sitting
188987.99885099998,0.7306103110313416,23.875070571899414,sitting
188988.01235499998,0.797425460222496,28.36678123474121,sitting
188988.028779,0.7777835130691528,28.704486846923828,sitting
188988.03881,0.8188545107841492,28.96033477783203,sitting
188988.05151699999,0.8270736336708069,29.092729568481445,sitting
188988.061168,0.8431220650672913,28.99429702758789,sitting
188988.07007699998,0.7573708891868591,28.904090881347656,sitting
188988.07859599998,0.8532938361167908,29.047122955322266,sitting
188988.08817399997,0.853977620601654,29.531747817993164,sitting
188988.1009,0.8272793889045715,28.915504455566406,sitting
188988.11086699998,0.8771436214447021,28.995258331298828,sitting
188988.123424,0.775543212890625,29.22404670715332,sitting
188988.13330199997,0.9192739129066467,29.24778175354004,sitting
188988.14521699998,0.7152286767959595,28.872196197509766,sitting
188988.15527999998,0.9502987265586853,29.08986473083496,sitting
188988.167445,0.8115864992141724,29.141611099243164,sitting
188988.176047,0.8215811848640442,29.160118103027344,sitting
188988.188941,0.8821493983268738,29.161361694335938,sitting
188988.19866199998,0.8449161648750305,28.933015823364258,sitting
188988.20978799998,0.8860843181610107,29.30869483947754,sitting
188988.21913999997,0.8055899739265442,29.544466018676758,sitting
188988.22915899998,0.8740938305854797,29.120046615600586,sitting
188988.242186,0.8174412846565247,28.89884376525879,sitting
188988.25324899997,0.8789538741111755,28.917987823486328,sitting
188988.26279699997,0.8499271869659424,29.171730041503906,sitting
188988.27456599998,1.0,29.120397567749023,sitting
188988.28310799997,0.9050960540771484,29.20054054260254,sitting
188988.29645199998,0.8727543950080872,29.772146224975586,sitting
188988.306674,0.8892182111740112,29.504676818847656,sitting
188988.317537,0.9606560468673706,29.27117347717285,sitting
188988.33114099997,0.730177104473114,29.4715518951416,sitting
188988.34126299998,0.7340394258499146,29.377674102783203,sitting
188988.35268699998,0.7795822620391846,29.498577117919922,sitting
188988.36141999997,0.9129310846328735,29.245899200439453,sitting
188988.374193,0.9000824689865112,29.412263870239258,sitting
188988.38778299998,0.7067151665687561,29.34541893005371,sitting
188988.39668799998,0.8132141828536987,29.207881927490234,sitting
188988.40263199998,0.7725798487663269,29.07698631286621,sitting
188988.41418599998,0.8099282383918762,29.20378303527832,sitting
188988.423686,0.8419718146324158,29.175811767578125,sitting
188988.432152,0.7973900437355042,29.27482032775879,sitting
188988.44426,0.7626538276672363,29.180801391601562,sitting
188988.455139,0.8673885464668274,29.032474517822266,sitting
188988.468681,0.881420373916626,29.202482223510742,sitting
188988.478755,0.8000507354736328,29.264448165893555,sitting
188988.48788099998,0.7616921067237854,29.033613204956055,sitting
188988.500317,0.8881844282150269,29.180126190185547,sitting
188988.508554,0.7673080563545227,29.487525939941406,sitting
188988.51789299998,0.6286658048629761,29.472518920898438,sitting
188988.53906699998,0.9214522242546082,29.398235321044922,sitting
188988.551518,0.7994701862335205,29.00821876525879,sitting
188988.56441,0.8087828755378723,29.174654006958008,sitting
188988.57473099997,0.6809331178665161,29.022789001464844,sitting
188988.596489,0.7602778077125549,29.270626068115234,sitting
188988.607093,0.8629184365272522,29.450510025024414,sitting
188988.618554,0.7001412510871887,29.403736114501953,sitting
188988.62735999998,0.8319851756095886,29.58856773376465,sitting
188988.63533699999,0.8622499704360962,29.418811798095703,sitting
188988.64136699997,0.7753639221191406,29.326921463012695,sitting
188988.65123299998,0.8072462677955627,29.282670974731445,sitting
188988.66375299997,0.8075672388076782,29.414592742919922,sitting
188988.673582,0.7653608918190002,29.284887313842773,sitting
188988.682978,0.7088333368301392,29.1569881439209,sitting
188988.696975,0.752840518951416,28.961565017700195,sitting
188988.70715099998,0.8882057070732117,29.30166244506836,sitting
188988.71657199998,0.8141405582427979,29.1646671295166,sitting
188988.72633499998,0.8017957806587219,29.02166175842285,sitting
188988.73526199997,0.7405456900596619,29.285364151000977,sitting
188988.744423,0.6960118412971497,28.930206298828125,sitting
188988.760265,0.7299066781997681,29.346054077148438,sitting
188988.76997899998,0.7677385807037354,29.151172637939453,sitting
188988.78326,0.7790124416351318,29.25191307067871,sitting
188988.794683,0.7922306656837463,29.20426368713379,sitting
188988.803807,0.7865105271339417,29.10693359375,sitting
188988.816941,0.7806342244148254,29.14252281188965,sitting
188988.82719699998,0.7260293364524841,29.018630981445312,sitting
188988.84193999998,0.9457923769950867,29.249164581298828,sitting
188988.85074599998,0.8331518769264221,29.089920043945312,sitting
188988.860692,0.7899162173271179,29.089332580566406,sitting
188988.87501299998,0.938735842704773,29.32048225402832,sitting
188988.88520199998,0.8882720470428467,29.11223602294922,sitting
188988.897719,0.9554082751274109,29.02756118774414,sitting
188988.907189,0.9006542563438416,29.267858505249023,sitting
188988.919737,0.8172757029533386,29.327116012573242,sitting
188988.92993299998,0.9188358187675476,29.32080078125,sitting
188988.94234699997,0.9623315334320068,29.247867584228516,sitting
188988.955788,0.9078847169876099,29.465667724609375,sitting
188988.965366,0.9418812394142151,29.071353912353516,sitting
188988.979088,0.8236159086227417,29.26902198791504,sitting
188988.989103,0.9501184821128845,29.366756439208984,sitting
188989.00280299998,0.8181703686714172,29.199602127075195,sitting
188989.01351999998,0.7753738164901733,28.932424545288086,sitting
188989.02789099998,0.911007821559906,29.469017028808594,sitting
188989.044104,0.8071991205215454,28.83016586303711,sitting
188989.054793,0.7567277550697327,28.95485496520996,sitting
188989.06780699998,0.83125239610672,28.926530838012695,sitting
188989.078338,0.8748264312744141,29.016223907470703,sitting
188989.092281,0.8841416239738464,29.44560432434082,sitting
188989.10381499998,0.8780335783958435,29.04627799987793,sitting
188989.112677,0.880222737789154,29.04001235961914,sitting
188989.12285299998,0.8204339742660522,29.132474899291992,sitting
188989.138178,0.8094605803489685,29.459671020507812,sitting
188989.14867499997,0.9253754019737244,28.853776931762695,sitting
188989.159227,0.7666055560112,28.662017822265625,sitting
188989.17233899998,0.8087748885154724,28.949724197387695,sitting
188989.18587199997,0.7085663080215454,28.782264709472656,sitting
188989.19627199997,0.8625898361206055,28.729473114013672,sitting
188989.20988299997,0.8945820331573486,29.239490509033203,sitting
188989.22190499998,0.8342252969741821,29.35128402709961,sitting
188989.23234299998,0.9291555285453796,29.07591438293457,sitting
188989.24275399998,0.8501512408256531,28.934844970703125,sitting
188989.25626599998,0.8466889262199402,29.16969108581543,sitting
188989.27042199997,0.7715461850166321,28.81961441040039,sitting
188989.28127699997,0.8086069226264954,28.847171783447266,sitting
188989.29407099998,0.9519612789154053,29.139286041259766,sitting
188989.30585799998,0.8740332126617432,28.6112117767334,sitting
188989.318898,0.9762658476829529,28.97098159790039,sitting
188989.32918499998,0.7896953225135803,29.24680519104004,sitting
188989.34,0.8340702056884766,28.872474670410156,sitting
188989.35006199998,0.9211878180503845,28.621570587158203,sitting
188989.360516,0.9468975067138672,29.140554428100586,sitting
188989.371891,0.8643307685852051,29.349964141845703,sitting
188989.382597,0.7990313172340393,29.044723510742188,sitting
188989.39600699997,0.834065318107605,28.858776092529297,sitting
188989.405981,0.9064671397209167,29.203327178955078,sitting
188989.413909,0.8202453851699829,28.755788803100586,sitting
188989.424641,0.6191168427467346,28.874473571777344,sitting
188989.439169,0.9546659588813782,28.701406478881836,sitting
188989.44678199998,0.7482195496559143,28.90593719482422,sitting
188989.453911,0.7365200519561768,28.932477951049805,sitting
188989.460133,0.775579571723938,28.99003028869629,sitting
188989.471906,0.8228405117988586,28.794525146484375,sitting
188989.479581,0.760931670665741,28.881244659423828,sitting
188989.492432,0.8434588313102722,29.16553497314453,sitting
188989.50155,0.7653299570083618,29.146930694580078,sitting
188989.51483099998,0.9314205646514893,29.030187606811523,sitting
188989.524762,0.8525834083557129,28.84111213684082,sitting
188989.53378899998,0.8971113562583923,28.904138565063477,sitting
188989.546022,0.8660890460014343,29.230737686157227,sitting
188989.556296,0.899945855140686,28.693527221679688,sitting
188989.57052299997,0.8729681968688965,28.953594207763672,sitting
188989.580356,0.8745951056480408,29.0040283203125,sitting
188989.59072799998,0.8242918252944946,28.963476181030273,sitting
188989.600538,0.8895952105522156,29.04673194885254,sitting
188989.610292,0.808375358581543,28.899106979370117,sitting
188989.619572,0.7239194512367249,28.980798721313477,sitting
188989.632136,0.7741261124610901,29.20673179626465,sitting
188989.642375,0.8609186410903931,28.933387756347656,sitting
188989.65667,0.8036162853240967,28.899267196655273,sitting
188989.66611199998,0.7656411528587341,29.16802215576172,sitting
188989.68082699997,0.7665645480155945,28.900583267211914,sitting
188989.690848,0.8522294163703918,28.920665740966797,sitting
188989.70439799997,0.7986302971839905,29.0284481048584,sitting
188989.714041,0.9031014442443848,29.50374984741211,sitting
188989.72624999998,0.9651747941970825,28.94669532775879,sitting
188989.735471,0.8398324847221375,29.264495849609375,sitting
188989.74965399998,0.8448762893676758,29.10718536376953,sitting
188989.760876,0.8736367225646973,29.12401580810547,sitting
188989.773987,0.8229483366012573,29.42930793762207,sitting
188989.788072,0.8363713026046753,29.06740379333496,sitting
188989.798181,0.8723762035369873,29.176233291625977,sitting
188989.811242,0.8063538074493408,28.827739715576172,sitting
188989.82192199997,0.753858745098114,28.984657287597656,sitting
188989.83042299998,0.7975307703018188,29.324962615966797,sitting
188989.839514,0.8558924794197083,29.162303924560547,sitting
188989.85266499998,0.8494357466697693,29.239879608154297,sitting
188989.861557,0.927699089050293,29.200462341308594,sitting
188989.874444,0.9078031182289124,29.19188117980957,sitting
188989.88827899998,0.8095518946647644,29.514230728149414,sitting
188989.89896,0.8320377469062805,29.41350555419922,sitting
188989.911986,0.841087818145752,29.424373626708984,sitting
188989.925938,0.805463433265686,29.383071899414062,sitting
188989.93735899997,0.8454837799072266,29.318777084350586,sitting
188989.950915,0.8601875901222229,29.209697723388672,sitting
188989.960967,0.7393543124198914,29.40098762512207,sitting
188989.972614,0.8535516262054443,29.016061782836914,sitting
188989.98273699998,0.7662398815155029,29.087974548339844,sitting
188989.99480699998,0.8286019563674927,29.44843101501465,sitting
188990.00737699997,0.835576057434082,29.365509033203125,sitting
188990.01734899997,0.8467681407928467,29.1352481842041,sitting
188990.03068,0.8882998824119568,29.290040969848633,sitting
188990.039753,0.8008204698562622,29.28492546081543,sitting
188990.052339,0.9100062847137451,29.082990646362305,sitting
188990.06312099998,0.7230885624885559,29.12057876586914,sitting
188990.07696799998,0.9608660340309143,29.597225189208984,sitting
188990.08596899998,0.8484510779380798,29.09459686279297,sitting
188990.09919699997,0.7226181030273438,29.254032135009766,sitting
188990.108882,0.8586528897285461,29.52010726928711,sitting
188990.120784,0.861852765083313,29.489469528198242,sitting
188990.131394,0.7854308485984802,29.34612274169922,sitting
188990.14231899998,0.8725254535675049,29.141368865966797,sitting
188990.15185999998,0.9139647483825684,29.299959182739258,sitting
188990.162907,0.8814454674720764,29.148012161254883,sitting
188990.17021799998,0.8981839418411255,29.665706634521484,sitting
188990.18383199998,0.7862749695777893,29.51318359375,sitting
188990.194785,0.809827983379364,29.312379837036133,sitting
188990.20578299998,0.8468475937843323,29.24715232849121,sitting
188990.21558,0.9040578603744507,29.528392791748047,sitting
188990.22871499998,0.8039512038230896,29.241804122924805,sitting
188990.23965399998,0.8774571418762207,29.157455444335938,sitting
188990.252836,0.7408413887023926,29.32209014892578,sitting
188990.262543,0.8373837471008301,29.41346549987793,sitting
188990.27459599997,0.7245646119117737,29.59451675415039,sitting
188990.28389,0.8610449433326721,29.4847469329834,sitting
188990.29199499998,0.8388924598693848,29.12656021118164,sitting
188990.30499499998,0.9418376684188843,29.528032302856445,sitting
188990.316681,0.8352069854736328,29.26296043395996,sitting
188990.32534799998,0.8945561051368713,29.128963470458984,sitting
188990.338762,0.7557244896888733,29.29033851623535,sitting
188990.348355,0.7670958638191223,29.140127182006836,sitting
188990.361671,0.900269091129303,29.436250686645508,sitting
188990.372186,0.9317622780799866,29.52000617980957,sitting
188990.38587,0.7692902684211731,29.73651123046875,sitting
188990.39576599997,0.9361273050308228,29.250211715698242,sitting
188990.406673,0.8420881032943726,29.24105453491211,sitting
188990.416056,0.7439203262329102,29.398765563964844,sitting
188990.43081899997,0.9245840907096863,29.416667938232422,sitting
188990.44179799999,0.8073770403862,29.224685668945312,sitting
188990.45416,0.8445101976394653,29.498598098754883,sitting
188990.46454999998,0.7747393846511841,29.470701217651367,sitting
188990.477869,0.7700691819190979,29.347387313842773,sitting
188990.489573,0.8814893960952759,29.57709503173828,sitting
188990.50341499998,0.7323102951049805,29.50323486328125,sitting
188990.514175,0.9939835667610168,29.551061630249023,sitting
188990.52834299998,0.8848190903663635,29.40487289428711,sitting
188990.53843299998,0.8242687582969666,29.229724884033203,sitting
188990.55008699998,0.8030587434768677,29.484283447265625,sitting
188990.55987499998,0.8950363993644714,29.401514053344727,sitting
188990.572883,0.8692230582237244,29.28722381591797,sitting
188990.58346499997,0.8243675231933594,29.602142333984375,sitting
188990.59613899997,0.9258691072463989,29.554912567138672,sitting
188990.60550099998,0.8464807271957397,29.191028594970703,sitting
188990.61778399997,0.8366671800613403,29.19229507446289,sitting
188990.627675,0.7835376858711243,29.165807723999023,sitting
188990.64018199997,0.8863679766654968,29.232908248901367,sitting
188990.64984099998,0.91205233335495,29.238819122314453,sitting
188990.662341,0.7295522689819336,29.478652954101562,sitting
188990.671878,0.8373443484306335,29.34842872619629,sitting
188990.68550499997,0.805515468120575,29.736495971679688,sitting
188990.69759599998,0.9978781342506409,29.052318572998047,sitting
188990.706973,0.8883542418479919,29.133804321289062,sitting
188990.718947,0.7960435152053833,29.150903701782227,sitting
188990.728327,0.7262908220291138,29.249608993530273,sitting
188990.74171899998,0.8795172572135925,29.226747512817383,sitting
188990.752354,0.8614046573638916,29.337682723999023,sitting
188990.765788,0.851250171661377,29.280359268188477,sitting
188990.776908,0.8637094497680664,28.9467716217041,sitting
188990.786528,0.9240736365318298,28.9798583984375,sitting
188990.79899699998,0.7611359357833862,29.319673538208008,sitting
188990.81028399998,0.8317434191703796,29.085004806518555,sitting
188990.823017,0.7633852958679199,29.111106872558594,sitting
188990.83672599998,0.8853975534439087,29.202024459838867,sitting
188990.84716399998,0.9273202419281006,29.129819869995117,sitting
188990.860215,0.8201217651367188,28.987672805786133,sitting
188990.87097199998,0.7973962426185608,28.77362823486328,sitting
188990.88389599998,0.9508445858955383,29.032625198364258,sitting
188990.89585399997,0.9358454346656799,29.229305267333984,sitting
188990.907622,0.8836442828178406,29.2318115234375,sitting
188990.917082,0.7644726037979126,29.10770034790039,sitting
188990.93039499997,0.882580041885376,29.1854305267334,sitting
188990.939608,0.7950253486633301,29.204626083374023,sitting
188990.953288,0.7631407380104065,29.035673141479492,sitting
188990.96740899998,0.7705302834510803,28.805620193481445,sitting
188990.97842099998,0.8610053658485413,28.74774932861328,sitting
188990.99203899998,0.8523872494697571,28.866666793823242,sitting
188991.00211499998,0.8424073457717896,28.79127311706543,sitting
188991.01492,0.8724663257598877,28.990360260009766,sitting
188991.02522399998,0.8199602365493774,28.99631118774414,sitting
188991.035017,0.7678834795951843,28.981887817382812,sitting
188991.043892,0.750176191329956,28.86201286315918,sitting
188991.056629,0.8873831033706665,28.819902420043945,sitting
188991.06741699998,0.8442311882972717,28.751924514770508,sitting
188991.07963199998,0.7843258380889893,28.685274124145508,sitting
188991.09150699998,0.9337261319160461,28.871118545532227,sitting
188991.1045,0.8753471970558167,28.578027725219727,sitting
188991.114205,0.8377159833908081,28.6044979095459,sitting
188991.123937,0.8413795232772827,28.49030303955078,sitting
188991.13367299997,0.8019323348999023,28.363143920898438,sitting
188991.14270199998,0.9043769836425781,28.850854873657227,sitting
188991.15399299999,0.8945760130882263,28.47991180419922,sitting
188991.16316,0.7894880175590515,28.13687515258789,sitting
188991.17736399997,0.9154703617095947,28.21165657043457,sitting
188991.190832,0.7700549364089966,28.693395614624023,sitting
188991.199431,0.7890917062759399,28.40806007385254,sitting
188991.21124499998,0.8371679782867432,28.46538543701172,sitting
188991.22129599997,0.7783327698707581,28.660568237304688,sitting
188991.231652,0.8154240250587463,28.28827476501465,sitting
188991.241755,0.8125837445259094,28.377243041992188,sitting
188991.253721,0.9048243761062622,28.29998207092285,sitting
188991.26834699998,0.7077704668045044,28.131853103637695,sitting
188991.27422999998,0.7901039719581604,28.48870849609375,sitting
188991.285267,0.9321686625480652,28.483219146728516,sitting
188991.29595,0.8679965734481812,28.392314910888672,sitting
188991.309614,0.7285205125808716,28.270963668823242,sitting
188991.31912899998,0.9357935190200806,28.211097717285156,sitting
188991.33479999998,0.8787168860435486,28.658916473388672,sitting
188991.34336899998,0.8141676187515259,28.12118911743164,sitting
188991.35481599998,0.769255518913269,28.27543067932129,sitting
188991.36826599998,0.8254280090332031,28.46880531311035,sitting
188991.378764,0.8152419924736023,28.459821701049805,sitting
188991.39233499998,0.683603823184967,28.351879119873047,sitting
188991.412135,0.813055694103241,28.32625961303711,sitting
188991.42164599997,0.8293460011482239,28.631093978881836,sitting
188991.43499399998,0.9530829787254333,28.725341796875,sitting
188991.447088,0.8856924176216125,28.602462768554688,sitting
188991.45727999997,0.8328294157981873,28.228042602539062,sitting
188991.47114799998,0.7789833545684814,28.34984016418457,sitting
188991.48075,0.8699778318405151,28.79279136657715,sitting
188991.49406099998,0.824470579624176,28.89730453491211,sitting
188991.50416699998,0.8306832313537598,28.683555603027344,sitting
188991.51814399997,0.8318129181861877,28.772232055664062,sitting
188991.52743599997,0.6724453568458557,28.652233123779297,sitting
188991.54711999997,0.8717776536941528,28.41621971130371,sitting
188991.557347,1.0,28.316442489624023,sitting
188991.569853,0.9401807188987732,28.79277801513672,sitting
188991.57989499997,0.8074097633361816,28.884689331054688,sitting
188991.59284899998,0.8705275058746338,28.435653686523438,sitting
188991.60271799998,0.7305305004119873,28.8568172454834,sitting
188991.611965,0.8082618713378906,28.401653289794922,sitting
188991.62435499998,0.876947283744812,29.113666534423828,sitting
188991.63538199998,0.811851978302002,29.2944393157959,sitting
188991.648245,0.7995482683181763,29.006013870239258,sitting
188991.65743899997,0.7326495051383972,28.687246322631836,sitting
188991.67017599999,1.0,28.944026947021484,sitting
188991.67990299998,0.718022346496582,28.70346450805664,sitting
188991.690331,0.886236310005188,28.46506690979004,sitting
188991.70421499998,0.7813056111335754,28.784101486206055,sitting
188991.71235199997,0.9486724138259888,29.085296630859375,sitting
188991.722166,0.8276203870773315,28.852689743041992,sitting
188991.73500999997,0.7957636117935181,28.704082489013672,sitting
188991.745184,0.803484320640564,28.673200607299805,sitting
188991.75558499998,0.7967122197151184,28.4758358001709,sitting
188991.767871,0.9388389587402344,29.041473388671875,sitting
188991.777496,0.7444306015968323,28.56486701965332,sitting
188991.78989999997,0.9321921467781067,28.917301177978516,sitting
188991.80128999997,0.7512317895889282,28.92363739013672,sitting
188991.812003,0.8018540740013123,28.848621368408203,sitting
188991.82339099998,0.9586982131004333,28.624221801757812,sitting
188991.83307,0.868137001991272,28.85395622253418,sitting
188991.84412,0.8121083974838257,28.835126876831055,sitting
188991.85445699998,0.7891128063201904,29.150564193725586,sitting
188991.864186,0.7818391919136047,29.134511947631836,sitting
188991.876833,0.8268611431121826,28.96883773803711,sitting
188991.885873,0.9716662168502808,29.152828216552734,sitting
188991.896663,0.8362771272659302,29.076229095458984,sitting
188991.908725,0.8670619130134583,29.07706642150879,sitting
188991.920124,0.9737094044685364,29.17959213256836,sitting
188991.936475,0.8617925643920898,28.802566528320312,sitting
188991.9502,0.8457885980606079,28.721328735351562,sitting
188991.95894699998,0.8716726899147034,29.120573043823242,sitting
188991.96818599998,0.7796053886413574,28.95701789855957,sitting
188991.97968299998,0.9249603152275085,29.149784088134766,sitting
188991.98998299998,0.9006708860397339,29.146345138549805,sitting
188992.00196599998,0.8666552901268005,28.785322189331055,sitting
188992.01346199997,0.8983334898948669,28.809579849243164,sitting
188992.02539,0.7661095261573792,29.139577865600586,sitting
188992.03767,0.6265716552734375,29.08200454711914,sitting
188992.055416,0.9281982183456421,28.97835922241211,sitting
188992.061027,0.8234360218048096,28.7858943939209,sitting
188992.06916299998,0.8327709436416626,28.91447639465332,sitting
188992.07940299998,0.8822824358940125,28.913354873657227,sitting
188992.09388499998,0.9430650472640991,28.894878387451172,sitting
188992.10861599998,0.7476158738136292,28.716766357421875,sitting
188992.11777699998,0.8908262848854065,28.51418113708496,sitting
188992.13041299998,0.7806522250175476,28.474943161010742,sitting
188992.140032,0.7545208930969238,28.69120979309082,sitting
188992.154227,0.859881579875946,28.903337478637695,sitting
188992.164341,0.7753762602806091,28.614301681518555,sitting
188992.17341,0.8881193995475769,28.906513214111328,sitting
188992.18409199998,0.7453698515892029,28.85348892211914,sitting
188992.20006899998,0.9075790047645569,28.910919189453125,sitting
188992.20854899997,0.8238829374313354,28.93004608154297,sitting
188992.22132299998,0.7923065423965454,28.869098663330078,sitting
188992.231415,0.9117879867553711,29.19161605834961,sitting
188992.24604899998,0.9120345115661621,29.327211380004883,sitting
188992.25777999999,0.8478437066078186,29.386707305908203,sitting
188992.26918399998,0.7801969647407532,28.861766815185547,sitting
188992.280156,0.7682488560676575,29.187089920043945,sitting
188992.29002699998,0.8387256264686584,29.353633880615234,sitting
188992.301052,0.6131770610809326,28.934993743896484,sitting
188992.31668999998,0.7342309951782227,28.828041076660156,sitting
188992.329836,0.8169823884963989,29.32332992553711,sitting
188992.33971499998,0.9164627194404602,29.165908813476562,sitting
188992.350575,0.848442554473877,28.9389591217041,sitting
188992.36567099998,0.7792443037033081,28.972883224487305,sitting
188992.37605899997,0.8891539573669434,28.84003257751465,sitting
188992.389975,0.7624421715736389,29.186872482299805,sitting
188992.40233799999,0.8334149122238159,29.070528030395508,sitting
188992.41256599998,0.8119387030601501,29.1340274810791,sitting
188992.42274799998,0.7775728106498718,28.7615966796875,sitting
188992.43571199998,0.9256278276443481,29.10730743408203,sitting
188992.447372,0.787596583366394,29.071691513061523,sitting
188992.46013899997,0.7073245644569397,28.976049423217773,sitting
188992.46931,0.7296971678733826,28.72198486328125,sitting
188992.478828,0.9684242010116577,28.857145309448242,sitting
188992.491736,0.7650160193443298,28.98215103149414,sitting
188992.50439,0.9273831248283386,28.9259090423584,sitting
188992.515731,0.8155441880226135,29.099855422973633,sitting
188992.530963,0.7778975963592529,29.027141571044922,sitting
188992.538523,0.9567928910255432,29.416921615600586,sitting
188992.549304,0.8559801578521729,29.11418914794922,sitting
188992.562366,0.8004442453384399,28.743337631225586,sitting
188992.57167499998,0.7498961091041565,28.800161361694336,sitting
188992.580474,0.7183446884155273,28.76227569580078,sitting
188992.591608,0.9376948475837708,28.707033157348633,sitting
188992.60141899998,0.6524034738540649,28.827096939086914,sitting
188992.62266999998,0.7687551975250244,29.123136520385742,sitting
188992.63204499998,0.769601047039032,28.886980056762695,sitting
188992.64010299998,0.936525821685791,29.06498908996582,sitting
188992.64915699998,0.9000461101531982,28.611125946044922,sitting
188992.65918299998,0.8795303106307983,28.95384407043457,sitting
188992.66970499998,0.8693112134933472,29.094860076904297,sitting
188992.683475,0.860611081123352,29.322107315063477,sitting
188992.69406299997,0.7459392547607422,29.057172775268555,sitting
188992.708356,0.9465417861938477,29.103496551513672,sitting
188992.717231,0.8055106401443481,28.979827880859375,sitting
188992.726515,0.886798083782196,28.934362411499023,sitting
188992.739278,0.9141312837600708,28.747018814086914,sitting
188992.74925999998,0.7930207848548889,28.53102684020996,sitting
188992.76307699998,0.8093456625938416,28.82295036315918,sitting
188992.77393899998,0.8297798037528992,29.002424240112305,sitting
188992.785882,0.7712876200675964,29.125001907348633,sitting
188992.799657,0.7560915946960449,29.078039169311523,sitting
188992.80922999998,0.763873815536499,28.53806495666504,sitting
188992.82046299998,0.9856961369514465,28.835660934448242,sitting
188992.829282,0.7710830569267273,28.969640731811523,sitting
188992.84004399998,0.8207880258560181,28.770427703857422,sitting
188992.850002,0.8132028579711914,28.879892349243164,sitting
188992.860154,0.7241997718811035,28.85719871520996,sitting
188992.87417899998,1.0,28.78909683227539,sitting
188992.885935,0.686658501625061,28.769187927246094,sitting
188992.90441599998,0.7708649635314941,28.924190521240234,sitting
188992.91505799998,0.7870630025863647,28.756690979003906,sitting
188992.92765,0.8069120645523071,28.8320255279541,sitting
188992.943221,0.8561205863952637,29.05076789855957,sitting
188992.95362199997,0.8303483128547668,28.93425941467285,sitting
188992.96370899997,0.8892665505409241,29.02215576171875,sitting
188992.97586799998,0.8735225200653076,28.585678100585938,sitting
188992.98863699997,0.8887199759483337,28.5869083404541,sitting
188992.998597,0.906430721282959,28.814699172973633,sitting
188993.006788,0.8533622026443481,29.235868453979492,sitting
188993.01386799998,0.8671468496322632,29.137306213378906,sitting
188993.02364499998,0.8956462144851685,29.128618240356445,sitting
188993.03684199997,0.8550010323524475,29.13690185546875,sitting
188993.04689599999,0.8521751761436462,29.145845413208008,sitting
188993.059215,0.803837239742279,28.924070358276367,sitting
188993.070181,0.7824066281318665,28.824121475219727,sitting
188993.08290399998,0.848960280418396,29.28647232055664,sitting
188993.092934,0.7803077697753906,29.27482032775879,sitting
188993.103216,0.8626886010169983,29.210237503051758,sitting
188993.114481,0.7719528079032898,29.112688064575195,sitting
188993.125633,0.7066282629966736,28.57656478881836,sitting
188993.13340999998,0.6904776096343994,28.994150161743164,sitting
188993.153647,0.898108720779419,28.914579391479492,sitting
188993.16422399998,0.7534632086753845,28.683156967163086,sitting
188993.17653899998,0.8494977355003357,28.85744857788086,sitting
188993.18622499998,0.9329313039779663,28.805200576782227,sitting
188993.19973999998,0.9283194541931152,29.07855796813965,sitting
188993.21016,0.8637292981147766,29.001779556274414,sitting
188993.22219399997,0.8216974139213562,29.191919326782227,sitting
188993.23234999998,0.7148360013961792,29.017230987548828,sitting
188993.24258899997,0.7569820284843445,29.241880416870117,sitting
188993.255808,0.7263023257255554,29.24283790588379,sitting
188993.265976,0.8288488388061523,29.162633895874023,sitting
188993.27400499998,0.7379481792449951,28.885271072387695,sitting
188993.28735099998,0.7901617288589478,29.04663848876953,sitting
188993.29746499998,0.8895652890205383,29.183025360107422,sitting
188993.30878899997,0.8874247074127197,29.122526168823242,sitting
188993.321443,0.7921851873397827,29.3106689453125,sitting
188993.33186699997,0.7871516346931458,29.110824584960938,sitting
188993.342105,0.901633083820343,29.100723266601562,sitting
188993.35201799998,0.9164732694625854,29.206390380859375,sitting
188993.36263699998,0.8110426664352417,29.270681381225586,sitting
188993.372091,0.8626319169998169,29.36067008972168,sitting
188993.38335599998,0.8251634240150452,29.63707160949707,sitting
188993.39444099998,0.8615798950195312,29.248746871948242,sitting
188993.40800999998,0.7954580783843994,29.267301559448242,sitting
188993.41999499997,0.8363826274871826,29.264022827148438,sitting
188993.430072,0.8501560091972351,29.239118576049805,sitting
188993.442288,0.85786372423172,29.277196884155273,sitting
188993.45430699998,0.7593286633491516,29.434770584106445,sitting
188993.46581,0.8643879890441895,29.1254940032959,sitting
188993.477769,0.7644782066345215,29.069673538208008,sitting
188993.48989099998,0.8207869529724121,29.61611557006836,sitting
188993.501192,0.9706634879112244,29.035831451416016,sitting
188993.511156,0.8302445411682129,29.169322967529297,sitting
188993.52372199998,1.0,29.34615707397461,sitting
188993.53765399999,0.8467251062393188,29.224655151367188,sitting
188993.54859599998,0.8291416168212891,29.147274017333984,sitting
188993.55898499998,0.7925924062728882,29.22271728515625,sitting
188993.571768,0.7918155789375305,28.87458038330078,sitting
188993.583135,0.8454288244247437,29.288095474243164,sitting
188993.59472899997,0.8549588322639465,29.332239151000977,sitting
188993.60211699997,0.8504218459129333,29.17068862915039,sitting
188993.612138,0.7976524829864502,29.384782791137695,sitting
188993.6237,0.8779135942459106,29.011367797851562,sitting
188993.633721,0.8506659269332886,28.862018585205078,sitting
188993.644393,0.7717809677124023,29.198657989501953,sitting
188993.65459599998,0.8131352663040161,29.41800880432129,sitting
188993.66702499997,0.9532243013381958,29.13782501220703,sitting
188993.676949,0.8343233466148376,29.399831771850586,sitting
188993.68984099998,0.815607488155365,28.815248489379883,sitting
188993.70478399997,0.9144644737243652,29.14727020263672,sitting
188993.71668699998,0.825965940952301,28.937776565551758,sitting
188993.72697999998,0.9269921183586121,29.014862060546875,sitting
188993.736928,0.7384235262870789,29.183862686157227,sitting
188993.750278,0.8803530335426331,29.11060905456543,sitting
188993.760517,0.7852621078491211,29.105159759521484,sitting
188993.77273899998,0.8874318599700928,29.346012115478516,sitting
188993.78493999998,0.865958571434021,29.124530792236328,sitting
188993.796638,0.7796568274497986,28.892301559448242,sitting
188993.805776,0.9281458854675293,28.862123489379883,sitting
188993.81752799999,0.839253842830658,28.961231231689453,sitting
188993.82676,0.8611125349998474,28.838321685791016,sitting
188993.840088,0.975072979927063,29.1575870513916,sitting
188993.846447,0.8610023260116577,28.91620445251465,sitting
188993.85665099998,0.8092085719108582,28.9577579498291,sitting
188993.86809499998,0.9327282905578613,29.143047332763672,sitting
188993.87741199997,0.8785135746002197,28.74201202392578,sitting
188993.888446,0.888298749923706,29.23238754272461,sitting
188993.90156099998,0.8668941855430603,29.058691024780273,sitting
188993.912243,0.7601063847541809,28.98220443725586,sitting
188993.922517,0.9002434611320496,28.909313201904297,sitting
188993.93650399998,0.9200749397277832,29.128175735473633,sitting
188993.946527,0.9855976700782776,29.148738861083984,sitting
188993.95963,0.9640790224075317,29.231958389282227,sitting
188993.96915199998,0.7651528120040894,29.0194149017334,sitting
188993.978867,0.8562883138656616,29.414813995361328,sitting
188993.99177599998,0.855704128742218,29.24787139892578,sitting
188994.002131,0.8965598344802856,29.187576293945312,sitting
188994.01480099998,0.8304262161254883,29.016225814819336,sitting
188994.02469999998,0.8929567933082581,29.219337463378906,sitting
188994.03850899998,0.8207302093505859,28.96852684020996,sitting
188994.04794599998,0.8778097629547119,28.88875961303711,sitting
188994.06186599997,0.8376315832138062,29.2668399810791,sitting
188994.07162099998,0.9034789800643921,29.19603157043457,sitting
188994.08281999998,0.8414385318756104,29.281991958618164,sitting
188994.09396099998,0.8534190654754639,29.39280891418457,sitting
188994.104348,0.7991389632225037,28.927907943725586,sitting
188994.118177,0.8068913221359253,29.231473922729492,sitting
188994.129387,0.9301713705062866,28.761178970336914,sitting
188994.14024699997,0.9152759909629822,29.10440444946289,sitting
188994.153914,0.8861441016197205,29.09161949157715,sitting
188994.168221,0.875314474105835,28.980281829833984,sitting
188994.178283,0.8800511956214905,29.234880447387695,sitting
188994.18856699998,0.8488024473190308,29.09829330444336,sitting
188994.200548,0.9173524975776672,28.77060317993164,sitting
188994.20946399999,0.8063210844993591,29.00321388244629,sitting
188994.22265299998,0.8648828864097595,28.861373901367188,sitting
188994.23182699998,0.9451980590820312,28.94287109375,sitting
188994.246483,0.8102694153785706,28.982500076293945,sitting
188994.256901,0.953723669052124,28.90411376953125,sitting
188994.27046099998,0.8451489806175232,29.094789505004883,sitting
188994.280179,0.8438716530799866,28.9138126373291,sitting
188994.291725,0.9116629362106323,28.885826110839844,sitting
188994.29963999998,0.8928712010383606,29.299358367919922,sitting
188994.310535,0.8381105065345764,29.102294921875,sitting
188994.31894,0.8164970278739929,29.045259475708008,sitting
188994.32935199997,1.0,28.889619827270508,sitting
188994.342381,0.7053389549255371,29.17243766784668,sitting
188994.353056,0.8415586352348328,28.76939582824707,sitting
188994.362305,0.9348143339157104,28.917688369750977,sitting
188994.374499,0.829569935798645,29.05276107788086,sitting
188994.38456399998,0.8929888010025024,28.594926834106445,sitting
188994.397745,0.9525368809700012,28.981054306030273,sitting
188994.40804699998,0.8944941759109497,28.712461471557617,sitting
188994.418323,0.8266632556915283,28.75775146484375,sitting
188994.42544499997,0.8366233706474304,28.84544563293457,sitting
188994.43723699998,0.8147838115692139,28.691265106201172,sitting
188994.447455,0.7867568135261536,29.069299697875977,sitting
188994.46083599998,0.8397387862205505,28.844287872314453,sitting
188994.47079199998,0.8665222525596619,28.510528564453125,sitting
188994.483064,0.8679311275482178,28.742908477783203,sitting
188994.492653,0.7926603555679321,29.037012100219727,sitting
188994.50514,0.8324443101882935,28.83348274230957,sitting
188994.51531699998,0.8832653760910034,29.162601470947266,sitting
188994.530071,0.7819980978965759,29.436113357543945,sitting
188994.53990099998,0.8573826551437378,29.084070205688477,sitting
188994.553705,0.8179110884666443,28.711511611938477,sitting
188994.56315899998,0.8161298632621765,28.891788482666016,sitting
188994.57352099998,0.836992621421814,28.907756805419922,sitting
188994.58444099998,0.9346286058425903,28.975622177124023,sitting
188994.595178,0.6985260248184204,28.798460006713867,sitting
188994.61648599998,0.716274082660675,28.6309871673584,sitting
188994.626039,0.7569223046302795,28.880939483642578,sitting
188994.638618,0.783820390701294,28.87506866455078,sitting
188994.64919099997,0.8301076292991638,29.189937591552734,sitting
188994.66164699997,0.8456989526748657,28.838375091552734,sitting
188994.67124499998,0.9044846296310425,28.62348175048828,sitting
188994.68414099998,0.8654993772506714,28.737545013427734,sitting
188994.69479299997,0.7361021637916565,28.78009033203125,sitting
188994.70675399998,0.784027099609375,28.74412727355957,sitting
188994.71707699998,0.8826396465301514,28.578815460205078,sitting
188994.727922,0.9222747683525085,28.809566497802734,sitting
188994.739339,0.765256404876709,28.702608108520508,sitting
188994.753784,0.7460705041885376,28.627973556518555,sitting
188994.762872,0.892650842666626,28.617525100708008,sitting
188994.77386599997,0.759204626083374,28.837160110473633,sitting
188994.781487,0.8318853378295898,28.761098861694336,sitting
188994.78961699997,0.7562857270240784,28.584087371826172,sitting
188994.79955499998,0.8108454942703247,28.69019317626953,sitting
188994.812392,0.7127956748008728,29.033344268798828,sitting
188994.822788,0.8891242146492004,28.519107818603516,sitting
188994.83695,0.8506415486335754,28.499500274658203,sitting
188994.850507,0.8448413610458374,28.83931541442871,sitting
188994.860911,0.7606632113456726,28.745750427246094,sitting
188994.874406,0.8448625802993774,28.6893367767334,sitting
188994.88490499998,0.7927141785621643,28.99151039123535,sitting
188994.896001,0.8104403018951416,28.919178009033203,sitting
188994.90692299997,0.8490960597991943,28.830703735351562,sitting
188994.92000999997,0.8066278100013733,28.893720626831055,sitting
188994.929389,0.857562780380249,28.83475685119629,sitting
188994.93860899998,0.7902027368545532,29.020259857177734,sitting
188994.95111499997,0.9018748998641968,29.117374420166016,sitting
188994.961739,0.9052982330322266,28.743127822875977,sitting
188994.97452299998,0.9155327081680298,28.650814056396484,sitting
188994.985654,0.877865195274353,28.618677139282227,sitting
188994.99861299997,0.8437092304229736,28.615556716918945,sitting
188995.013198,0.9193049073219299,28.92156982421875,sitting
188995.022997,0.6905090808868408,28.945261001586914,sitting
188995.04124899997,0.7717294692993164,28.730609893798828,sitting
188995.054897,0.7661502957344055,28.59623908996582,sitting
188995.06496599998,0.7393360137939453,28.94017219543457,sitting
188995.07837799998,0.8581389784812927,28.82962417602539,sitting
188995.088288,0.8379114270210266,28.5653133392334,sitting
188995.101226,0.8078203797340393,28.89781379699707,sitting
188995.11179999998,0.9303693175315857,28.896820068359375,sitting
188995.127231,0.8163467645645142,28.712182998657227,sitting
188995.136477,0.8022007346153259,28.457443237304688,sitting
188995.14812499998,0.9145085215568542,28.72335433959961,sitting
188995.158538,0.8888105154037476,28.56501007080078,sitting
188995.172325,0.8464778661727905,28.78104019165039,sitting
188995.18248999998,0.8146936893463135,28.56796646118164,sitting
188995.19262999998,0.7552930116653442,28.965234756469727,sitting
188995.205883,0.8256422877311707,28.845699310302734,sitting
188995.21701599998,0.8086546063423157,28.802064895629883,sitting
188995.230131,0.7550141215324402,29.02001953125,sitting
188995.24179099998,0.730609655380249,28.564176559448242,sitting
188995.25285699998,0.7812621593475342,29.025840759277344,sitting
188995.264921,0.7471148371696472,28.478883743286133,sitting
188995.279307,0.7176995277404785,28.77786636352539,sitting
188995.29280899998,0.9160606265068054,28.704404830932617,sitting
188995.30301099998,0.8235583901405334,28.582313537597656,sitting
188995.313019,0.8849977254867554,28.735387802124023,sitting
188995.32209799998,0.8517417907714844,28.54069709777832,sitting
188995.331667,0.7682126760482788,28.56141471862793,sitting
188995.343363,0.8749558329582214,28.63970375061035,sitting
188995.353541,0.9803507924079895,28.73575782775879,sitting
188995.36375199998,0.9149188995361328,28.754865646362305,sitting
188995.37406099998,0.7397608160972595,28.798168182373047,sitting
188995.383749,0.8418080806732178,28.448270797729492,sitting
188995.397114,0.8940949440002441,28.77678871154785,sitting
188995.40672899998,0.9115264415740967,28.710477828979492,sitting
188995.41849799998,0.9492723345756531,28.622358322143555,sitting
188995.428185,0.9463801383972168,28.59840202331543,sitting
188995.441421,0.8379496932029724,28.637958526611328,sitting
188995.45064099997,0.9627596735954285,28.70069122314453,sitting
188995.460517,0.8881890177726746,28.55849838256836,sitting
188995.47250499998,0.8249657154083252,28.65320587158203,sitting
188995.480881,0.8578687310218811,28.69822883605957,sitting
188995.49183699998,0.8565275073051453,28.703889846801758,sitting
188995.50139199998,0.7913748025894165,28.75942611694336,sitting
188995.510326,0.850932240486145,28.690954208374023,sitting
188995.523403,0.7614937424659729,28.44266128540039,sitting
188995.535313,0.889013409614563,28.52358055114746,sitting
188995.545908,0.8311010003089905,28.6459903717041,sitting
188995.560753,0.9346975684165955,28.912372589111328,sitting
188995.570437,0.89140784740448,28.77840232849121,sitting
188995.580418,0.9032971262931824,28.69951820373535,sitting
188995.592254,0.8990688920021057,28.777324676513672,sitting
188995.60034499998,1.0,28.908348083496094,sitting
188995.61286499997,0.9251434206962585,28.185964584350586,sitting
188995.62207699998,0.8701274394989014,29.021848678588867,sitting
188995.63526399998,0.8159125447273254,28.815319061279297,sitting
188995.64492,0.8584429621696472,28.753019332885742,sitting
188995.65731299997,0.8428716659545898,28.767536163330078,sitting
188995.669811,0.9314223527908325,29.00373077392578,sitting
188995.68124499999,0.912625253200531,28.61716079711914,sitting
188995.692697,0.8915116786956787,28.626083374023438,sitting
188995.707481,0.8060455918312073,28.59032440185547,sitting
188995.717488,0.9174163341522217,28.8642635345459,sitting
188995.726853,0.8605841398239136,28.924131393432617,sitting
188995.73870999998,0.759958028793335,28.66444969177246,sitting
188995.747381,0.8181865811347961,28.82628059387207,sitting
188995.75794299998,0.8869175910949707,28.671838760375977,sitting
188995.770619,0.8945295810699463,28.769248962402344,sitting
188995.780996,0.849203884601593,28.61851692199707,sitting
188995.793981,0.7726122736930847,28.429271697998047,sitting
188995.80374799998,0.8777156472206116,28.70635223388672,sitting
188995.81618999998,0.8911285400390625,28.91933822631836,sitting
188995.827223,0.8504639863967896,28.449047088623047,sitting
188995.83984099998,0.8241944909095764,28.78597068786621,sitting
188995.84949199998,0.908003032207489,28.611530303955078,sitting
188995.858128,0.8827558755874634,28.515275955200195,sitting
188995.87109399997,1.0,28.79520606994629,sitting
188995.88138799998,0.9135962128639221,28.94921112060547,sitting
188995.896289,0.8452295660972595,28.921344757080078,sitting
188995.906367,0.8763318061828613,28.809720993041992,sitting
188995.92012499998,0.8297147750854492,28.95517921447754,sitting
188995.93112999998,0.7965232729911804,28.608325958251953,sitting
188995.94382999997,0.9209803342819214,28.659053802490234,sitting
188995.951843,0.8446764349937439,28.71111488342285,sitting
188995.961559,0.8507089018821716,28.696870803833008,sitting
188995.970193,0.842247486114502,28.587799072265625,sitting
188995.98307299998,0.9969332814216614,28.68540382385254,sitting
188995.994491,0.9036138653755188,28.492717742919922,sitting
188996.00856599997,0.7745274305343628,28.79973030090332,sitting
188996.022317,0.8683732748031616,28.714622497558594,sitting
188996.032177,0.8383998274803162,28.73920440673828,sitting
188996.045051,0.875244140625,28.307764053344727,sitting
188996.054269,0.8302499055862427,28.802141189575195,sitting
188996.067652,0.8646464943885803,28.644332885742188,sitting
188996.076557,0.8098846077919006,28.86442756652832,sitting
188996.08873599998,0.7695226669311523,28.636320114135742,sitting
188996.098526,0.9730863571166992,28.851099014282227,sitting
188996.11247499997,0.8646325469017029,28.76881217956543,sitting
188996.123474,0.8833512663841248,28.824934005737305,sitting
188996.138797,0.9044941067695618,28.84457015991211,sitting
188996.14860199997,0.726473867893219,28.91567611694336,sitting
188996.16219399997,0.8667865991592407,28.770727157592773,sitting
188996.17174299998,0.8974992036819458,28.583160400390625,sitting
188996.18406,0.978489100933075,28.577024459838867,sitting
188996.19395599997,0.7689107656478882,28.65549659729004,sitting
188996.203578,0.8848274946212769,28.821247100830078,sitting
188996.21722899997,0.8931503295898438,28.91514778137207,sitting
188996.228228,0.9120361804962158,28.638185501098633,sitting
188996.23866799998,0.8745524287223816,29.237438201904297,sitting
188996.25127299997,0.764946699142456,29.007713317871094,sitting
188996.26090099997,0.8725596070289612,29.086837768554688,sitting
188996.27386,0.8222370147705078,29.02830696105957,sitting
188996.28553499997,0.9158073663711548,28.46993064880371,sitting
188996.29591599997,0.8621168732643127,28.85607147216797,sitting
188996.31025299997,0.8816138505935669,28.916473388671875,sitting
188996.318389,0.7480019927024841,28.943391799926758,sitting
188996.325518,0.7890488505363464,28.91969108581543,sitting
188996.33774299998,0.8268862962722778,29.00465965270996,sitting
188996.34872399998,0.9104691743850708,28.67482566833496,sitting
188996.36030799997,0.8159133791923523,28.980669021606445,sitting
188996.37333899998,0.7904052734375,28.679353713989258,sitting
188996.383886,0.7545152902603149,28.958791732788086,sitting
188996.394392,0.7504369020462036,28.560741424560547,sitting
188996.40632299997,0.9144220352172852,28.977733612060547,sitting
188996.41951399998,0.7855396866798401,28.902786254882812,sitting
188996.42781599998,0.7394617199897766,28.8040828704834,sitting
188996.43647299998,0.7691207528114319,28.75678253173828,sitting
188996.446546,0.9061952233314514,28.748943328857422,sitting
188996.45983699997,0.9406654238700867,28.89754295349121,sitting
188996.473029,0.9366622567176819,28.986845016479492,sitting
188996.486136,0.9048954844474792,29.053489685058594,sitting
188996.49546499999,0.7914025187492371,28.91144561767578,sitting
188996.50407999998,0.7981693148612976,29.02294921875,sitting
188996.517091,0.9593043327331543,28.761734008789062,sitting
188996.52709299998,0.8812465667724609,28.918569564819336,sitting
188996.538201,0.878462553024292,28.978801727294922,sitting
188996.54851099997,0.9009206295013428,28.988500595092773,sitting
188996.560419,0.791193962097168,29.227832794189453,sitting
188996.568347,0.9320008754730225,29.00005340576172,sitting
188996.57906199998,0.78935307264328,28.851377487182617,sitting
188996.59104799997,0.8040680885314941,29.09819984436035,sitting
188996.60355,0.9043154120445251,29.023866653442383,sitting
188996.61257199998,0.8761067986488342,28.88682746887207,sitting
188996.62194799999,0.8361730575561523,28.887357711791992,sitting
188996.63457899998,0.9098370671272278,28.84827995300293,sitting
188996.64348199998,0.8861663341522217,29.360862731933594,sitting
188996.65516199998,0.8542824983596802,28.923521041870117,sitting
188996.66460199998,0.8318758606910706,29.1356143951416,sitting
188996.67490399998,0.7731943130493164,28.813955307006836,sitting
188996.68387399998,0.7664570808410645,28.76953125,sitting
188996.69530199998,0.9422772526741028,28.983978271484375,sitting
188996.706885,0.8416404724121094,29.160978317260742,sitting
188996.72067399998,0.9349250793457031,28.985458374023438,sitting
188996.73183499998,0.8718828558921814,28.84164047241211,sitting
188996.747388,0.9732624292373657,29.013072967529297,sitting
188996.75786399998,0.8624491691589355,28.926774978637695,sitting
188996.770616,0.9022451639175415,28.862398147583008,sitting
188996.78200699997,0.8568102121353149,29.14882469177246,sitting
188996.79525899998,0.692772626876831,29.059175491333008,sitting
188996.81086499998,0.9520661234855652,28.79497718811035,sitting
188996.82303,0.8417329788208008,28.833831787109375,sitting
188996.836188,0.9058354496955872,28.659862518310547,sitting
188996.84609799998,0.8748380541801453,28.630996704101562,sitting
188996.85522,0.8262032866477966,28.951278686523438,sitting
188996.86930299998,0.8198674917221069,28.902591705322266,sitting
188996.882115,0.9037290215492249,29.459840774536133,sitting
188996.892708,0.7721253633499146,28.82193946838379,sitting
188996.906311,0.941612720489502,28.930334091186523,sitting
188996.91520199997,0.8283581137657166,29.188261032104492,sitting
188996.92623399998,0.942119300365448,29.00503921508789,sitting
188996.93761999998,0.9327713847160339,29.003734588623047,sitting
188996.94691199998,0.7514662742614746,29.181318283081055,sitting
188996.95823999998,0.9090354442596436,28.969345092773438,sitting
188996.96821599998,0.8396636247634888,29.163591384887695,sitting
188996.978289,0.9793590307235718,29.246082305908203,sitting
188996.99115,0.8522368669509888,29.02333641052246,sitting
188997.00341499998,0.7940590977668762,28.818044662475586,sitting
188997.01467499998,0.8576410412788391,28.929384231567383,sitting
188997.02785299998,0.7019670605659485,29.02466583251953,sitting
188997.03556,0.8835758566856384,28.91907501220703,sitting
188997.04631399998,0.8461134433746338,28.878767013549805,sitting
188997.05631999997,0.872933030128479,29.45079231262207,sitting
188997.065446,0.8797703981399536,29.198266983032227,sitting
188997.074738,0.8174741864204407,29.046751022338867,sitting
188997.087393,0.9591373205184937,28.825647354125977,sitting
188997.09811899997,0.8318824172019958,29.04939079284668,sitting
188997.11146599997,0.868251383304596,29.076805114746094,sitting
188997.123987,0.7167972922325134,28.89144515991211,sitting
188997.13675399998,0.8320216536521912,29.056591033935547,sitting
188997.144786,0.9242839217185974,28.89994239807129,sitting
188997.15846399998,0.8861192464828491,28.896286010742188,sitting
188997.165846,0.9115378856658936,28.981107711791992,sitting
188997.178861,0.7967985272407532,29.002290725708008,sitting
188997.188979,0.7031238079071045,29.010162353515625,sitting
188997.20235099999,0.9197389483451843,28.929807662963867,sitting
188997.212695,0.7991335988044739,29.063562393188477,sitting
188997.226152,0.9349961876869202,28.90463638305664,sitting
188997.241816,0.8351531624794006,29.03651237487793,sitting
188997.25751999998,0.9485519528388977,28.733638763427734,sitting
188997.271907,0.9187095165252686,28.80137825012207,sitting
188997.283344,0.898505449295044,28.73923683166504,sitting
188997.295605,0.8839062452316284,28.822755813598633,sitting
188997.30523199998,0.7546695470809937,29.208759307861328,sitting
188997.31800399997,0.9331133365631104,28.57794761657715,sitting
188997.32828599997,0.8914244771003723,29.030960083007812,sitting
188997.34060599998,0.88477623462677,29.209197998046875,sitting
188997.35087199998,0.9723740220069885,29.385042190551758,sitting
188997.36077,0.9601633548736572,29.01175880432129,sitting
188997.37283299997,0.8480132222175598,28.731130599975586,sitting
188997.38291199997,0.788648784160614,28.953845977783203,sitting
188997.394821,0.868698000907898,29.159029006958008,sitting
188997.40497499998,0.8158969283103943,28.91573143005371,sitting
188997.41788099997,0.8789367079734802,28.726314544677734,sitting
188997.42921799998,0.8911013603210449,29.293180465698242,sitting
188997.442549,0.8883205056190491,29.131019592285156,sitting
188997.454115,0.7981276512145996,29.082752227783203,sitting
188997.46466199998,0.7698345184326172,28.913171768188477,sitting
188997.47952599998,0.8352470993995667,29.151702880859375,sitting
188997.490158,0.8496401906013489,29.04409408569336,sitting
188997.49816699998,0.702803909778595,29.17359733581543,sitting
188997.50744199997,0.8754860162734985,29.045757293701172,sitting
188997.51751499998,0.8913595676422119,28.925182342529297,sitting
188997.52860199998,0.809926450252533,29.11879539489746,sitting
188997.54047299997,0.7750532627105713,29.727779388427734,sitting
188997.55237299998,0.8238624930381775,29.157299041748047,sitting
188997.562208,0.8244071006774902,29.241653442382812,sitting
188997.575096,0.7343676686286926,28.855960845947266,sitting
188997.58637499998,0.826679527759552,28.782880783081055,sitting
188997.596375,0.8937134146690369,29.269973754882812,sitting
188997.60584799998,0.9603114724159241,28.965930938720703,sitting
188997.61374499998,0.8325987458229065,28.604618072509766,sitting
188997.623905,0.856278121471405,28.771223068237305,sitting
188997.633465,0.8750612735748291,28.97705841064453,sitting
188997.64366499998,0.7679597735404968,29.400577545166016,sitting
188997.65377499998,0.8059441447257996,29.111190795898438,sitting
188997.665965,0.7732352018356323,28.970314025878906,sitting
188997.675869,0.8266475796699524,28.94284439086914,sitting
188997.689128,0.865559995174408,28.86479949951172,sitting
188997.69926,0.8944432735443115,29.3700008392334,sitting
188997.71118299998,0.9464256167411804,28.889846801757812,sitting
188997.721053,0.8416736721992493,29.480051040649414,sitting
188997.73181899998,0.9564356207847595,29.616052627563477,sitting
188997.73828299998,0.8975556492805481,29.586090087890625,sitting
188997.747358,0.9174045324325562,29.009828567504883,sitting
188997.761178,0.8518646359443665,29.036231994628906,sitting
188997.772049,0.8006150722503662,28.793237686157227,sitting
188997.786783,0.7835145592689514,28.913131713867188,sitting
188997.797462,0.8600782752037048,28.66679573059082,sitting
188997.81146899998,0.7369897365570068,28.882400512695312,sitting
188997.822647,0.8721210956573486,28.749116897583008,sitting
188997.83651499997,0.8067538142204285,29.07543182373047,sitting
188997.844784,0.8765449523925781,28.921213150024414,sitting
188997.85555699997,0.8261679410934448,29.107433319091797,sitting
188997.866476,0.8473990559577942,28.71305274963379,sitting
188997.87664099998,0.8680038452148438,28.86216163635254,sitting
188997.88670899998,0.7994537353515625,29.288806915283203,sitting
188997.90078599998,0.7134544849395752,28.75783348083496,sitting
188997.91115799997,0.930912435054779,28.912639617919922,sitting
188997.92315299998,0.8595448732376099,28.833566665649414,sitting
188997.93347999998,0.8053532838821411,29.22653579711914,sitting
188997.948186,0.9593895077705383,28.852575302124023,sitting
188997.958482,0.8475965857505798,29.37017822265625,sitting
188997.971803,0.8884477615356445,29.15467071533203,sitting
188997.982153,0.8010916709899902,28.83687400817871,sitting
188997.99208099997,0.775948166847229,29.136449813842773,sitting
188998.00392299998,0.9452557563781738,29.324594497680664,sitting
188998.01403599998,0.8739874362945557,28.83706283569336,sitting
188998.027523,0.8647900819778442,28.60605812072754,sitting
188998.03821799997,0.8742837309837341,28.91526985168457,sitting
188998.04990999997,0.7858201265335083,29.04304313659668,sitting
188998.05967,0.9454085826873779,29.04470443725586,sitting
188998.07226999998,0.9538610577583313,29.228639602661133,sitting
188998.08255499997,0.9610163569450378,28.654848098754883,sitting
188998.096134,0.828323483467102,28.87434196472168,sitting
188998.106653,0.7817365527153015,28.920425415039062,sitting
188998.119878,0.876674473285675,28.859962463378906,sitting
188998.13064299998,0.7350099086761475,29.06834602355957,sitting
188998.14394799998,0.848141074180603,29.026260375976562,sitting
188998.15272399999,0.715253472328186,28.87713050842285,sitting
188998.166608,0.8750213384628296,28.746219635009766,sitting
188998.17716499997,0.7728089094161987,28.55205726623535,sitting
188998.191386,0.949955403804779,28.96134376525879,sitting
188998.202196,0.8101498484611511,28.984338760375977,sitting
188998.21502499998,0.8806011080741882,28.740522384643555,sitting
188998.22345199998,0.8186264634132385,28.69937515258789,sitting
188998.23604599998,0.8192557692527771,28.682231903076172,sitting
188998.246942,0.7735329270362854,28.740365982055664,sitting
188998.258904,0.8470607399940491,28.873918533325195,sitting
188998.26872,0.8667932748794556,28.919429779052734,sitting
188998.282121,0.8005409836769104,28.97940444946289,sitting
188998.296522,0.8855749368667603,29.012218475341797,sitting
188998.30636599998,0.8342734575271606,28.4609375,sitting
188998.319937,0.8618797659873962,28.89241600036621,sitting
188998.330208,0.8807539939880371,28.870349884033203,sitting
188998.34297799997,0.9306254982948303,28.889129638671875,sitting
188998.353396,0.7933363914489746,28.501022338867188,sitting
188998.36650399998,0.8654628992080688,29.065746307373047,sitting
188998.37605499997,0.8304200768470764,28.95834732055664,sitting
188998.387944,0.824428379535675,29.101913452148438,sitting
188998.39749899998,0.9431562423706055,29.09469223022461,sitting
188998.40733599997,0.8814562559127808,28.76996612548828,sitting
188998.41863899998,0.8427572846412659,28.86632537841797,sitting
188998.42776899997,0.8530986905097961,28.927865982055664,sitting
188998.43980899997,0.8568428754806519,28.920310974121094,sitting
188998.449448,0.7775002717971802,28.758018493652344,sitting
188998.460253,0.8732355833053589,29.006633758544922,sitting
188998.470886,0.8100606799125671,28.750883102416992,sitting
188998.478939,1.0,28.878931045532227,sitting
188998.48903599998,0.8626646399497986,29.161781311035156,sitting
188998.50145699998,0.9031758904457092,28.891830444335938,sitting
188998.51063099998,0.7567276954650879,28.808631896972656,sitting
188998.524483,0.843657910823822,28.848773956298828,sitting
188998.533692,0.8279029726982117,28.82837677001953,sitting
188998.546541,0.8778201341629028,28.90160369873047,sitting
188998.555451,0.8239831924438477,29.050188064575195,sitting
188998.566477,0.8796259164810181,28.862329483032227,sitting
188998.57560399998,0.7963938117027283,29.087568283081055,sitting
188998.58762099998,0.8069641590118408,29.114295959472656,sitting
188998.597192,0.816616952419281,28.76064109802246,sitting
188998.61137499998,0.7558895945549011,28.833871841430664,sitting
188998.62078199998,0.641301155090332,28.829544067382812,sitting
188998.640414,0.9653574228286743,29.203338623046875,sitting
188998.650096,0.8228811025619507,28.919416427612305,sitting
188998.660855,0.8814107179641724,29.095977783203125,sitting
188998.67476499997,0.9281030893325806,28.902721405029297,sitting
188998.68395099998,0.9247757792472839,29.05828094482422,sitting
188998.694097,0.7606691718101501,28.821399688720703,sitting
188998.707148,0.8580406904220581,28.816986083984375,sitting
188998.721303,0.7322348356246948,29.0755672454834,sitting
188998.73242,0.8449813723564148,28.84232521057129,sitting
188998.74268,0.8654451370239258,28.74369239807129,sitting
188998.755156,0.7551144361495972,28.8386173248291,sitting
188998.7682,0.752485990524292,29.087251663208008,sitting
188998.778838,0.6827857494354248,28.809825897216797,sitting
188998.797554,0.7501883506774902,28.689239501953125,sitting
188998.80509799998,0.7974103093147278,28.838735580444336,sitting
188998.816791,0.677196204662323,29.140361785888672,sitting
188998.832771,0.6823337078094482,29.20188331604004,sitting
188998.852445,0.8332613706588745,28.727331161499023,sitting
188998.862987,0.8043309450149536,28.964876174926758,sitting
188998.87457299998,0.8455396890640259,29.156587600708008,sitting
188998.88530199998,0.8732402324676514,29.031578063964844,sitting
188998.89665299997,0.8029156923294067,28.877931594848633,sitting
188998.90393,0.8409326076507568,29.050390243530273,sitting
188998.916199,0.8350515961647034,29.236083984375,sitting
188998.92568299998,0.7821072340011597,29.31865692138672,sitting
188998.93915899997,0.9092244505882263,28.88553237915039,sitting
188998.95149099999,0.7669498324394226,28.97906494140625,sitting
188998.96259299997,0.7740316987037659,28.902324676513672,sitting
188998.97512299998,0.7328146696090698,29.078886032104492,sitting
188998.988547,0.7553426623344421,29.216957092285156,sitting
188999.00033699998,0.7749172449111938,29.364999771118164,sitting
188999.01163499997,0.7123997211456299,29.17772674560547,sitting
188999.024656,0.7744349837303162,28.886945724487305,sitting
188999.03442399998,0.7712399363517761,28.895458221435547,sitting
188999.04848499998,0.8640021085739136,28.896961212158203,sitting
188999.058188,0.819769561290741,29.025257110595703,sitting
188999.07090599998,0.7700657844543457,28.799829483032227,sitting
188999.084354,0.7472521662712097,29.02619743347168,sitting
188999.0955,0.7306421995162964,29.072643280029297,sitting
188999.10540499998,0.753655731678009,28.97777557373047,sitting
188999.119691,0.759906530380249,29.00205421447754,sitting
188999.13071599999,0.7981762290000916,28.96800994873047,sitting
188999.143537,0.8210847973823547,28.91798973083496,sitting
188999.15353299998,0.7642529606819153,28.95736312866211,sitting
188999.16694899998,0.7682812213897705,29.093833923339844,sitting
188999.17729199998,0.7779102921485901,29.234058380126953,sitting
188999.19334199998,0.7732283473014832,28.75838851928711,sitting
188999.20305699998,0.7513458728790283,29.075292587280273,sitting
188999.21349199998,0.8342832922935486,29.02425765991211,sitting
188999.227602,0.8514512181282043,29.064977645874023,sitting
188999.238331,0.8329818248748779,28.940568923950195,sitting
188999.24910599997,0.7446397542953491,28.82465362548828,sitting
188999.2598,0.8024426102638245,28.96489715576172,sitting
188999.267669,0.7369166612625122,29.131139755249023,sitting
188999.27628999998,0.800266444683075,28.970544815063477,sitting
188999.28676299998,0.8208658695220947,28.731447219848633,sitting
188999.30078999998,0.8570514917373657,29.034908294677734,sitting
188999.31011899997,0.9299731850624084,29.03696632385254,sitting
188999.323618,0.7676555514335632,29.281879425048828,sitting
188999.33338,0.9095695614814758,29.167821884155273,sitting
188999.34538999997,0.7273788452148438,29.469114303588867,sitting
188999.354757,0.8085498213768005,29.263504028320312,sitting
188999.36560199998,0.9550197720527649,29.290058135986328,sitting
188999.37899099998,0.8984204530715942,29.036853790283203,sitting
188999.38560799998,0.86493319272995,29.12148666381836,sitting
188999.39604499997,0.8720453977584839,29.312719345092773,sitting
188999.408358,0.9314431548118591,29.157928466796875,sitting
188999.41834799998,0.9138435125350952,29.241355895996094,sitting
188999.42797999998,0.9098024964332581,29.216386795043945,sitting
188999.43987399997,0.8589423894882202,29.224079132080078,sitting
188999.45087,0.9631043672561646,29.083410263061523,sitting
188999.462572,0.886064350605011,29.232255935668945,sitting
188999.47233699998,0.906588613986969,29.478635787963867,sitting
188999.484412,0.8314723372459412,29.272340774536133,sitting
188999.494483,0.9210502505302429,29.0439453125,sitting
188999.506427,0.9230666160583496,28.904062271118164,sitting
188999.516404,0.8024068474769592,29.11849594116211,sitting
188999.52860999998,0.8587838411331177,29.17790412902832,sitting
188999.538791,0.8977524638175964,29.149362564086914,sitting
188999.551911,0.8996922969818115,29.147428512573242,sitting
188999.56192799998,0.8898046016693115,29.24311637878418,sitting
188999.57332599998,0.7673248648643494,29.48395538330078,sitting
188999.582168,0.820814847946167,29.38349151611328,sitting
188999.594838,0.7986376881599426,29.431743621826172,sitting
188999.603965,0.7964712977409363,29.222278594970703,sitting
188999.61301099998,1.0,29.80120277404785,sitting
188999.62540199998,0.859881579875946,29.304698944091797,sitting
188999.63505799999,0.869205892086029,29.453493118286133,sitting
188999.647435,0.8869102597236633,29.275373458862305,sitting
188999.65723699998,0.8775909543037415,29.38056182861328,sitting
188999.67002299998,0.9643682241439819,29.629230499267578,sitting
188999.679431,0.9970387816429138,29.078889846801758,sitting
188999.69006,0.9441870450973511,29.03883171081543,sitting
188999.69880399999,0.9276303052902222,29.39381217956543,sitting
188999.70789299998,0.8704614043235779,29.526647567749023,sitting
188999.71925099997,0.8914362788200378,29.317739486694336,sitting
188999.730449,1.0,29.443832397460938,sitting
188999.74184499998,0.962178111076355,29.332059860229492,sitting
188999.750928,0.8426547646522522,29.42435646057129,sitting
188999.76361899998,0.8403427600860596,29.39458465576172,sitting
188999.771357,0.7972937822341919,29.295146942138672,sitting
188999.780703,0.7768027782440186,29.296674728393555,sitting
188999.792731,0.901604950428009,29.38376808166504,sitting
188999.80311299997,0.8812740445137024,29.380521774291992,sitting
188999.814457,0.9238544702529907,29.260961532592773,sitting
188999.82830499997,0.8923342227935791,29.53138542175293,sitting
188999.83750999998,0.928580105304718,29.815967559814453,sitting
188999.850446,1.0,29.53476333618164,sitting
188999.85917699998,0.9644379615783691,30.192995071411133,sitting
188999.87005899998,0.8501541018486023,29.355714797973633,sitting
188999.87836799998,0.8715258836746216,29.358047485351562,sitting
188999.890547,0.9401401877403259,29.592538833618164,sitting
188999.900455,0.8008779287338257,29.1611270904541,sitting
188999.91381799997,0.8616538643836975,30.071088790893555,sitting
188999.923854,0.9862582683563232,29.488834381103516,sitting
188999.93579199997,0.8652264475822449,29.73598861694336,sitting
188999.9465,0.8514478802680969,29.54070281982422,sitting
188999.95955099998,0.9798968434333801,29.300527572631836,sitting
188999.9693,0.8734255433082581,29.303110122680664,sitting
188999.980437,0.9226052165031433,29.199417114257812,sitting
188999.99011299998,0.933843731880188,29.40131378173828,sitting
189000.00256,0.8320018649101257,29.624364852905273,sitting
189000.01233099998,0.909601628780365,29.600557327270508,sitting
189000.022022,0.8529292345046997,29.60049819946289,sitting
189000.03374999997,0.9017004370689392,29.299663543701172,sitting
189000.04658999998,0.8401988744735718,29.625581741333008,sitting
189000.05989799998,0.8372727036476135,29.369558334350586,sitting
189000.071845,0.8531662821769714,29.29813575744629,sitting
189000.084224,0.928432047367096,29.74659538269043,sitting
189000.092817,0.7827160358428955,29.600576400756836,sitting
189000.103137,0.8650285005569458,29.7039852142334,sitting
189000.113051,0.9143763184547424,29.807437896728516,sitting
189000.12133499997,0.8910254240036011,29.2231388092041,sitting
189000.13446899998,0.9430286288261414,29.247472763061523,sitting
189000.144557,0.9230502843856812,29.64444351196289,sitting
189000.15795,0.84943026304245,29.43769645690918,sitting
189000.168051,0.9342950582504272,29.205198287963867,sitting
189000.18033499998,0.9095268845558167,29.408918380737305,sitting
189000.192723,0.9510512351989746,29.55101776123047,sitting
189000.20689099998,0.7924646139144897,29.849042892456055,sitting
189000.216021,0.8248835802078247,29.899066925048828,sitting
189000.226317,0.8225003480911255,29.528888702392578,sitting
189000.238889,1.0,29.53431510925293,sitting
189000.249296,0.8435264229774475,29.381513595581055,sitting
189000.258744,0.9586196541786194,29.633563995361328,sitting
189000.27167199997,0.8405563235282898,29.68727684020996,sitting
189000.28787099998,0.8856884837150574,29.79204750061035,sitting
189000.300703,0.7708983421325684,29.814790725708008,sitting
189000.315129,0.9017996788024902,29.542871475219727,sitting
189000.32145699998,0.8286526799201965,29.278398513793945,sitting
189000.33099,0.854131281375885,29.068572998046875,sitting
189000.341386,0.9216493964195251,29.571857452392578,sitting
189000.353557,0.9390920400619507,30.12751007080078,sitting
189000.36431399998,0.8340843319892883,29.473417282104492,sitting
189000.373967,0.8443052768707275,29.362564086914062,sitting
189000.388557,0.9302172660827637,29.08980941772461,sitting
189000.402335,0.8067589998245239,29.330005645751953,sitting
189000.412987,0.9288132786750793,29.707670211791992,sitting
189000.423016,0.8361390233039856,29.67340850830078,sitting
189000.436575,1.0,29.746273040771484,sitting
189000.444892,0.9509650468826294,29.14972496032715,sitting
189000.45513199997,0.8550746440887451,29.57904815673828,sitting
189000.464086,1.0,29.399497985839844,sitting
189000.475928,0.9040737748146057,29.437950134277344,sitting
189000.485539,0.8877679109573364,29.285852432250977,sitting
189000.497996,0.8112826943397522,29.830202102661133,sitting
189000.50811199998,0.9884570240974426,29.49949836730957,sitting
189000.519091,0.9096973538398743,29.27892303466797,sitting
189000.530591,0.8920744061470032,29.388574600219727,sitting
189000.54026699997,0.8423841595649719,29.38159942626953,sitting
189000.549344,0.8981362581253052,29.479310989379883,sitting
189000.561275,0.8055139183998108,29.459819793701172,sitting
189000.571515,0.9919472336769104,29.07025146484375,sitting
189000.581831,0.8671934604644775,29.089221954345703,sitting
189000.595362,0.840068519115448,29.298398971557617,sitting
189000.60893599998,0.816575825214386,29.542037963867188,sitting
189000.619919,0.8360169529914856,29.440961837768555,sitting
189000.629608,0.8253699541091919,29.525524139404297,sitting
189000.64057,0.9685200452804565,29.259389877319336,sitting
189000.65305999998,0.7723754644393921,29.307802200317383,sitting
189000.663795,0.7538765072822571,29.72075080871582,sitting
189000.67633,0.8027645945549011,29.765172958374023,sitting
189000.687221,0.7818913459777832,29.498262405395508,sitting
189000.698912,0.8805176019668579,29.747379302978516,sitting
189000.70846099997,0.7479960918426514,29.431989669799805,sitting
189000.71918999997,0.9190251231193542,29.269493103027344,sitting
189000.729402,0.8124868869781494,29.311708450317383,sitting
189000.74116399998,0.8030611872673035,29.64686393737793,sitting
189000.75217199998,0.7799835205078125,29.451580047607422,sitting
189000.762142,0.9090840816497803,29.178485870361328,sitting
189000.77324799998,0.7877320647239685,29.696706771850586,sitting
189000.78546999997,0.903976321220398,29.445554733276367,sitting
189000.79516799998,0.8533907532691956,29.45890998840332,sitting
189000.80503699998,0.6772584915161133,29.36041831970215,sitting
189000.82574799997,0.8478337526321411,29.976045608520508,sitting
189000.839851,0.7352033853530884,29.588397979736328,sitting
189000.849902,0.829879105091095,29.509414672851562,sitting
189000.862737,0.7613409757614136,29.312835693359375,sitting
189000.87380099998,0.7358487844467163,29.25678253173828,sitting
189000.887799,0.772649884223938,29.357107162475586,sitting
189000.89722999997,0.838007926940918,29.634998321533203,sitting
189000.91120399997,0.8495140075683594,29.420238494873047,sitting
189000.92369,0.9150477051734924,29.605823516845703,sitting
189000.93423299998,0.897116482257843,29.567626953125,sitting
189000.94309599997,0.870207667350769,29.633628845214844,sitting
189000.955915,0.7757124900817871,29.351930618286133,sitting
189000.96545999998,0.8146772980690002,29.469247817993164,sitting
189000.975148,0.8649228811264038,29.22257423400879,sitting
189000.98760999998,0.8380069136619568,29.57697105407715,sitting
189000.996365,0.8850744962692261,29.06639289855957,sitting
189001.009716,0.9254904985427856,29.4874210357666,sitting
189001.021408,0.8661295771598816,29.58135223388672,sitting
189001.031322,0.8205548524856567,29.625274658203125,sitting
189001.039543,0.8675602674484253,29.538558959960938,sitting
189001.047563,0.8202691674232483,29.723508834838867,sitting
189001.058657,0.8128586411476135,29.596750259399414,sitting
189001.069034,0.8576404452323914,29.711843490600586,sitting
189001.07863799998,0.8578821420669556,29.702816009521484,sitting
189001.09256299998,0.7327783107757568,29.827627182006836,sitting
189001.10233,0.8599460124969482,29.74140739440918,sitting
189001.11521299998,0.7924033999443054,29.58588218688965,sitting
189001.126852,0.7824515104293823,29.57720184326172,sitting
189001.14053099998,0.7958694696426392,29.776350021362305,sitting
189001.15080799998,0.7336183190345764,29.87662696838379,sitting
189001.159514,0.7826760411262512,29.702077865600586,sitting
189001.166458,0.782839298248291,29.611309051513672,sitting
189001.17715799998,0.7541203498840332,29.692970275878906,sitting
189001.18948899998,0.7467789053916931,29.56565284729004,sitting
189001.204202,0.7569120526313782,29.47426986694336,sitting
189001.217353,0.7780487537384033,29.80829620361328,sitting
189001.22681199998,0.7266985774040222,29.85264015197754,sitting
189001.239893,0.7822376489639282,29.982986450195312,sitting
189001.249196,0.7635543346405029,29.822175979614258,sitting
189001.262665,0.788567304611206,29.80315589904785,sitting
189001.273655,0.7412249445915222,29.726760864257812,sitting
189001.28576799997,0.7769231200218201,29.730182647705078,sitting
189001.295533,0.8039601445198059,29.6842098236084,sitting
189001.308238,0.7884769439697266,29.99928855895996,sitting
189001.31777599998,0.8173353672027588,29.837966918945312,sitting
189001.32568799998,0.8247407078742981,29.681581497192383,sitting
189001.33876599997,0.7725124359130859,29.98957061767578,sitting
189001.35301299999,0.8194275498390198,29.56138801574707,sitting
189001.36259799998,0.8627788424491882,29.550735473632812,sitting
189001.373412,0.7510606050491333,29.561138153076172,sitting
189001.384058,0.8612388968467712,29.341310501098633,sitting
189001.39309,0.78232741355896,29.940876007080078,sitting
189001.40293299998,0.8156428933143616,29.720937728881836,sitting
189001.41241,0.8338383436203003,29.557491302490234,sitting
189001.42565699999,0.8148365020751953,29.83991241455078,sitting
189001.43836499998,0.7755758762359619,29.597469329833984,sitting
189001.44916999998,0.7592381238937378,29.613636016845703,sitting
189001.458704,0.8403427004814148,29.700885772705078,sitting
189001.472247,0.6549033522605896,29.43029022216797,sitting
189001.492707,0.7517012357711792,29.532733917236328,sitting
189001.50638399998,0.7365626692771912,29.678483963012695,sitting
189001.520139,0.8239500522613525,29.647369384765625,sitting
189001.531357,0.8586195707321167,29.31545639038086,sitting
189001.5446,0.8606182336807251,29.616262435913086,sitting
189001.554548,0.8329796195030212,29.36172866821289,sitting
189001.56861599998,0.8636074662208557,29.19307518005371,sitting
189001.58247199998,0.8627489805221558,29.269311904907227,sitting
189001.5968,0.8145077228546143,29.58515739440918,sitting
189001.607058,0.8423634767532349,29.392087936401367,sitting
189001.61994799998,0.8599727749824524,29.27985382080078,sitting
189001.630602,0.9112624526023865,29.205387115478516,sitting
189001.64107699998,0.8000184297561646,29.70679473876953,sitting
189001.650064,0.7547709345817566,29.85348892211914,sitting
189001.65942699998,0.7205128073692322,29.672452926635742,sitting
189001.67207799997,0.774732768535614,29.22937774658203,sitting
189001.68571999998,0.754497766494751,29.527177810668945,sitting
189001.695985,0.8664913773536682,29.784700393676758,sitting
189001.708073,0.7917652726173401,29.63077735900879,sitting
189001.717621,0.7356716394424438,29.91680335998535,sitting
189001.731618,0.7807217240333557,29.7119197845459,sitting
189001.74421799998,0.865450382232666,29.630693435668945,sitting
189001.752816,0.8113159537315369,29.550811767578125,sitting
189001.76282899998,0.7375571727752686,29.621318817138672,sitting
189001.77307899998,0.8054586052894592,29.56399154663086,sitting
189001.78535899997,0.7374829053878784,29.49894142150879,sitting
189001.79638299998,0.7722278833389282,29.37450408935547,sitting
189001.80879399998,0.8794402480125427,30.188190460205078,sitting
189001.818393,0.7517227530479431,30.59384536743164,sitting
189001.82843099997,0.7398040294647217,29.980497360229492,sitting
189001.840882,0.7813418507575989,29.975725173950195,sitting
189001.85545399997,0.6984705924987793,29.664588928222656,sitting
189001.86857299999,0.7009049654006958,29.86750602722168,sitting
189001.88127299998,0.7430973052978516,30.02114486694336,sitting
189001.890608,0.8029916286468506,29.693403244018555,sitting
189001.90263099998,0.8086628913879395,30.203025817871094,sitting
189001.913947,0.7913393974304199,29.65558624267578,sitting
189001.92454699997,0.796837568283081,29.63307762145996,sitting
189001.938313,0.7847890853881836,29.549732208251953,sitting
189001.94932299998,0.7546473741531372,30.004825592041016,sitting
189001.960898,0.8245639801025391,30.014400482177734,sitting
189001.974104,0.7544916272163391,29.722944259643555,sitting
189001.98702,0.8197585940361023,29.853723526000977,sitting
189002.00265799998,0.8045552968978882,29.781280517578125,sitting
189002.01276299998,0.6960203647613525,29.970359802246094,sitting
189002.03290199998,0.7909519672393799,29.932395935058594,sitting
189002.04327899998,0.8392180800437927,29.66512680053711,sitting
189002.056605,0.6952279210090637,29.721290588378906,sitting
189002.072157,0.848276674747467,29.793365478515625,sitting
189002.08452399998,0.696088433265686,29.906118392944336,sitting
189002.104951,0.7025572657585144,30.396291732788086,sitting
189002.114587,0.8290233016014099,29.8853702545166,sitting
189002.12616999997,0.7237394452095032,30.0975341796875,sitting
189002.138809,0.866550624370575,29.658571243286133,sitting
189002.14782699998,0.7763910889625549,30.116230010986328,sitting
189002.158535,0.8123505711555481,29.886917114257812,sitting
189002.171281,0.7754669189453125,30.013111114501953,sitting
189002.18136999998,0.7602908611297607,29.910371780395508,sitting
189002.19065799998,0.8124454617500305,29.829395294189453,sitting
189002.202913,0.6963766813278198,29.814477920532227,sitting
189002.225438,0.6975907683372498,29.701608657836914,sitting
189002.23849999998,0.8020550012588501,30.02073097229004,sitting
189002.250503,0.7286779284477234,30.013107299804688,sitting
189002.260166,0.816128671169281,30.35099220275879,sitting
189002.270959,0.8272335529327393,31.11463165283203,sitting
189002.284593,0.8377185463905334,30.901885986328125,sitting
189002.29596599998,0.8371400833129883,30.010995864868164,sitting
189002.30532699998,0.7960540652275085,29.927892684936523,sitting
189002.31696,0.8413000106811523,30.131772994995117,sitting
189002.326048,0.8795761466026306,30.339719772338867,sitting
189002.338162,0.7513474225997925,29.897602081298828,sitting
189002.34683599998,0.8061312437057495,29.856149673461914,sitting
189002.357551,0.7377588152885437,29.93072509765625,sitting
189002.36792999998,0.7703865766525269,29.943092346191406,sitting
189002.377442,0.798548698425293,30.31631088256836,sitting
189002.392123,0.846682608127594,30.582901000976562,sitting
189002.40208799997,0.7533193826675415,30.027830123901367,sitting
189002.41188399997,0.7899607419967651,29.978076934814453,sitting
189002.422271,0.8298630714416504,29.741943359375,sitting
189002.436543,0.8066785931587219,29.618776321411133,sitting
189002.44707199998,0.6772008538246155,29.596981048583984,sitting
189002.465607,0.7183052897453308,30.1871395111084,sitting
189002.47386899998,0.7723246216773987,30.18658447265625,sitting
189002.48769699998,0.8498812317848206,29.961139678955078,sitting
189002.49831199998,0.7731644511222839,30.1561279296875,sitting
189002.507658,0.8245883584022522,29.907791137695312,sitting
189002.522416,0.8426854610443115,29.961694717407227,sitting
189002.533249,0.7793009877204895,30.394262313842773,sitting
189002.54629899998,0.8399377465248108,30.037076950073242,sitting
189002.556396,0.7559037208557129,30.31636619567871,sitting
189002.5668,0.934505820274353,30.254301071166992,sitting
189002.57499099997,0.8096415996551514,30.08568572998047,sitting
189002.584358,0.8692802786827087,30.619510650634766,sitting
189002.597522,0.9598629474639893,30.38905143737793,sitting
189002.60761399998,0.8539033532142639,30.4674015045166,sitting
189002.618081,0.720670223236084,30.11054801940918,sitting
189002.63231299998,0.7438386082649231,30.50848388671875,sitting
189002.643132,0.7887347936630249,30.034204483032227,sitting
189002.656785,0.8694827556610107,30.086746215820312,sitting
189002.66745299997,0.828341007232666,30.26725196838379,sitting
189002.67801799998,0.8125383257865906,30.58107566833496,sitting
189002.690117,0.8542739152908325,30.102344512939453,sitting
189002.69758399998,0.8080801963806152,30.432594299316406,sitting
189002.709453,0.876651406288147,30.68956756591797,sitting
189002.717794,0.8999736309051514,30.870458602905273,sitting
189002.72863099998,0.8048199415206909,30.378952026367188,sitting
189002.74203499997,0.7647639513015747,30.534852981567383,sitting
189002.750977,0.8176308870315552,30.09303092956543,sitting
189002.76599299998,0.7516508102416992,30.119205474853516,sitting
189002.77588499998,0.7453184723854065,30.241647720336914,sitting
189002.789627,0.8560291528701782,30.494884490966797,sitting
189002.79978799997,0.6973991990089417,30.23171043395996,sitting
189002.814888,0.6803733110427856,30.401336669921875,sitting
189002.82838,0.7403187155723572,30.451251983642578,sitting
189002.84275799998,0.8814574480056763,30.346464157104492,sitting
189002.85379599998,0.8061527013778687,30.729469299316406,sitting
189002.86914199998,0.7752344012260437,31.01261329650879,sitting
189002.879876,0.8269050121307373,30.448530197143555,sitting
189002.88945599998,0.8419573903083801,30.21246910095215,sitting
189002.901342,0.7927121520042419,29.872602462768555,sitting
189002.91169699997,0.7866488695144653,30.72506332397461,sitting
189002.921059,0.765012264251709,30.54717254638672,sitting
189002.93388899998,0.7961729168891907,30.143726348876953,sitting
189002.94461399998,0.8614583611488342,30.196443557739258,sitting
189002.95731099998,0.8745574355125427,30.657695770263672,sitting
189002.96684399998,0.8323187828063965,30.283510208129883,sitting
189002.97632599997,0.6962667107582092,30.12933349609375,sitting
189002.99292999998,0.8036091327667236,30.14016342163086,sitting
189003.005327,0.78258216381073,30.440261840820312,sitting
189003.015134,0.8009760975837708,30.247573852539062,sitting
189003.028868,0.7417136430740356,30.351303100585938,sitting
189003.04252299998,0.8420470356941223,29.98263168334961,sitting
189003.052634,0.856135904788971,30.561105728149414,sitting
189003.062713,0.8272426128387451,30.11620330810547,sitting
189003.07660099998,0.8485523462295532,30.599721908569336,sitting
189003.090164,0.7850985527038574,29.910322189331055,sitting
189003.10071199998,0.8489025235176086,30.580018997192383,sitting
189003.11443999998,0.7934654951095581,30.222347259521484,sitting
189003.123673,0.8843880295753479,30.188236236572266,sitting
189003.13599799998,0.862731397151947,29.803009033203125,sitting
189003.14424499997,0.8312519788742065,30.634693145751953,sitting
189003.15529199998,0.7678530216217041,30.247888565063477,sitting
189003.16487299997,0.745758056640625,30.152971267700195,sitting
189003.17426499998,0.8025119304656982,30.31480598449707,sitting
189003.187411,0.7219602465629578,30.34126091003418,sitting
189003.198225,0.8256326913833618,30.316364288330078,sitting
189003.21123299998,0.7668444514274597,30.545103073120117,sitting
189003.22206799997,0.903830349445343,30.67988395690918,sitting
189003.23631399998,0.7865007519721985,30.416982650756836,sitting
189003.24598399998,0.8829493522644043,30.0626220703125,sitting
189003.259341,0.7542838454246521,30.255023956298828,sitting
189003.270196,0.9187343120574951,30.864078521728516,sitting
189003.28052399997,0.7964101433753967,30.27239990234375,sitting
189003.29384,0.7949495911598206,29.976791381835938,sitting
189003.304503,0.8272371888160706,30.305734634399414,sitting
189003.31762599997,0.7984471321105957,30.305124282836914,sitting
189003.327978,0.7665245532989502,30.213546752929688,sitting
189003.34152199997,0.7794374227523804,29.855443954467773,sitting
189003.35243,0.7748843431472778,30.13216781616211,sitting
189003.366582,0.8237243294715881,30.706369400024414,sitting
189003.376559,0.7379192113876343,30.137466430664062,sitting
189003.38935699998,0.7875528335571289,30.149539947509766,sitting
189003.399938,0.7930227518081665,30.12223243713379,sitting
189003.41287,0.6981157064437866,30.301158905029297,sitting
189003.429629,0.7707253694534302,29.89894676208496,sitting
189003.436979,0.7856165766716003,30.217166900634766,sitting
189003.445502,0.8370738625526428,29.685619354248047,sitting
189003.45922199998,0.7542175650596619,29.83143424987793,sitting
189003.470197,0.8676946759223938,29.89752197265625,sitting
189003.479103,0.7915187478065491,30.399824142456055,sitting
189003.49198,0.7733593583106995,30.55529022216797,sitting
189003.50576799997,0.8062989115715027,30.12102508544922,sitting
189003.516327,0.8064298629760742,30.087549209594727,sitting
189003.52786899998,0.7985145449638367,29.94015884399414,sitting
189003.539099,0.7745772004127502,30.097328186035156,sitting
189003.55205199998,0.8441969752311707,29.917526245117188,sitting
189003.561945,0.8028952479362488,30.131357192993164,sitting
189003.571981,0.8076878190040588,29.96732521057129,sitting
189003.584775,0.833125650882721,30.29833984375,sitting
189003.59409799997,0.713648796081543,30.700517654418945,sitting
189003.60814199998,0.9288043975830078,30.126502990722656,sitting
189003.620008,0.7140142321586609,30.597652435302734,sitting
189003.63329799997,0.7676541805267334,29.99077606201172,sitting
189003.642841,0.8510400652885437,29.827600479125977,sitting
189003.657445,0.8085188269615173,30.345624923706055,sitting
189003.66797399998,0.84873366355896,29.72285270690918,sitting
189003.67827499998,0.8439497351646423,30.249591827392578,sitting
189003.692471,0.884044885635376,30.792247772216797,sitting
189003.706114,0.8151635527610779,30.256507873535156,sitting
189003.716724,0.7773846983909607,30.22325897216797,sitting
189003.730746,0.825314998626709,30.005905151367188,sitting
189003.74310999998,0.8550493121147156,30.196916580200195,sitting
189003.753117,0.850779116153717,29.631450653076172,sitting
189003.76540899999,0.7753533720970154,30.413164138793945,sitting
189003.775095,0.7127888202667236,30.112794876098633,sitting
189003.78874599998,0.7697839736938477,30.290685653686523,sitting
189003.79754099998,0.721537172794342,30.632339477539062,sitting
189003.80764999997,0.7131522297859192,30.693805694580078,sitting
189003.819758,0.6227002739906311,30.664836883544922,sitting
189003.83514799998,0.6940100193023682,30.779325485229492,sitting
189003.84878099998,0.7435504198074341,31.147302627563477,sitting
189003.861927,0.7380703091621399,30.799339294433594,sitting
189003.875149,0.6597952246665955,30.999258041381836,sitting
189003.888548,0.5949734449386597,30.680063247680664,sitting
189003.906665,0.6529458165168762,30.59141731262207,sitting
189003.923419,0.5754260420799255,30.7820987701416,sitting
189003.938253,0.5650138258934021,30.230899810791016,sitting
189003.955628,0.6135833859443665,30.834314346313477,sitting
189003.969453,0.6995242834091187,30.23891830444336,sitting
189003.983789,0.7570380568504333,30.114761352539062,sitting
189003.99032699998,0.7613760828971863,29.890607833862305,sitting
189003.999318,0.7905095815658569,30.093685150146484,sitting
189004.011886,0.8178702592849731,30.39788246154785,sitting
189004.022459,0.652082085609436,30.35593032836914,sitting
189004.04103199998,0.837102472782135,30.463674545288086,sitting
189004.050227,0.7828125357627869,30.186908721923828,sitting
189004.06229399997,0.6897862553596497,29.99982261657715,sitting
189004.07936399998,0.8317496180534363,29.766380310058594,sitting
189004.09195799998,0.743169903755188,30.075626373291016,sitting
189004.10030199998,0.8154101967811584,29.845664978027344,sitting
189004.109137,0.7758911848068237,30.13547134399414,sitting
189004.120255,0.8185442686080933,30.255998611450195,sitting
189004.12924699998,0.7047520279884338,30.41999626159668,sitting
189004.13894499998,0.7138108611106873,30.046804428100586,sitting
189004.151536,0.7096279263496399,30.243724822998047,sitting
189004.162311,0.8400490283966064,30.572738647460938,sitting
189004.17134899998,0.733058512210846,30.62104034423828,sitting
189004.18243999998,0.7173197865486145,30.581859588623047,sitting
189004.19271399998,0.758394718170166,30.61017608642578,sitting
189004.20616799998,0.7428925633430481,30.37847900390625,sitting
189004.22158399998,0.7086213231086731,30.440641403198242,sitting
189004.231167,0.7219164967536926,30.961923599243164,sitting
189004.24624699997,0.7403894662857056,30.79205894470215,sitting
189004.257373,0.6963170766830444,30.79642677307129,sitting
189004.274621,0.7665532827377319,30.740358352661133,sitting
189004.283836,0.7197644710540771,30.95030403137207,sitting
189004.29626099998,0.6636262536048889,30.776147842407227,sitting
189004.31249399998,0.6828094720840454,30.9459228515625,sitting
189004.33168399998,0.7204301357269287,30.857994079589844,sitting
189004.34311,0.6538940668106079,31.06637954711914,sitting
189004.36169899997,0.6686522960662842,30.933401107788086,sitting
189004.376957,0.6992537379264832,30.956403732299805,sitting
189004.397871,0.7342904210090637,30.702674865722656,sitting
189004.40755499998,0.7483977675437927,30.454511642456055,sitting
189004.41687,0.6873775124549866,30.95571517944336,sitting
189004.435382,0.7686156630516052,31.128562927246094,sitting
189004.444846,0.7188717126846313,30.863384246826172,sitting
189004.45804099998,0.7373127341270447,30.925413131713867,sitting
189004.471313,0.7330618500709534,30.727699279785156,sitting
189004.481187,0.7445629239082336,30.901506423950195,sitting
189004.49368299998,0.7280434370040894,31.080232620239258,sitting
189004.50350999998,0.9103748798370361,31.039514541625977,sitting
189004.514251,0.7914332151412964,31.080459594726562,sitting
189004.52818099997,0.8213378190994263,31.274213790893555,sitting
189004.53544699997,0.8082022666931152,31.137710571289062,sitting
189004.54384199998,0.674574613571167,31.19526481628418,sitting
189004.555687,0.762352466583252,31.214496612548828,sitting
189004.565905,0.8103786706924438,30.928756713867188,sitting
189004.573518,0.8512818813323975,30.96247100830078,sitting
189004.578433,0.7793822288513184,30.906143188476562,sitting
189004.58568,0.7260136008262634,30.935527801513672,sitting
189004.596619,0.8045891523361206,30.728200912475586,sitting
189004.605633,0.8687384724617004,30.830120086669922,sitting
189004.615237,0.6944755911827087,30.66602325439453,sitting
189004.62681299998,0.8185423016548157,30.718461990356445,sitting
189004.633075,0.6597857475280762,31.020553588867188,sitting
189004.645043,0.7384651899337769,30.908933639526367,sitting
189004.651728,0.7461821436882019,31.328125,sitting
189004.65832699998,0.7656434178352356,30.848051071166992,sitting
189004.66957499998,0.7517268657684326,31.249685287475586,sitting
189004.67644399998,0.7316659092903137,31.004568099975586,sitting
189004.68126399998,0.8807989954948425,30.9384822845459,sitting
189004.68969,0.6603857278823853,30.741533279418945,sitting
189004.697502,0.771553635597229,30.975627899169922,sitting
189004.70752999999,0.65753573179245,30.6653995513916,sitting
189004.71847899997,0.8289810419082642,30.733943939208984,sitting
189004.72843699998,0.6534254550933838,30.439023971557617,sitting
189004.74150099998,0.7497264742851257,30.587345123291016,sitting
189004.75546199997,0.7191166877746582,30.752365112304688,sitting
189004.76406999998,0.7516239881515503,30.497413635253906,sitting
189004.77820799997,0.8584060668945312,30.643964767456055,sitting
189004.791385,0.6910433769226074,30.80092430114746,sitting
189004.807848,0.7552782893180847,30.640235900878906,sitting
189004.81761199998,0.669136106967926,30.515729904174805,sitting
189004.831946,0.7681743502616882,30.858121871948242,sitting
189004.84380799998,0.7097582221031189,30.23182487487793,sitting
189004.85650499997,0.7323073744773865,30.512968063354492,sitting
189004.86545299998,0.6333839297294617,30.8138484954834,sitting
189004.878396,0.7011743187904358,31.092679977416992,sitting
189004.89231499998,0.7317492961883545,30.432565689086914,sitting
189004.90232099997,0.6955773830413818,30.676189422607422,sitting
189004.91669699998,0.722670316696167,30.563535690307617,sitting
189004.923769,0.7280917763710022,30.487852096557617,sitting
189004.92943699998,0.6578752398490906,30.89162254333496,sitting
189004.94242399998,0.635389506816864,30.92967987060547,sitting
189004.952126,0.6500409245491028,30.81040382385254,sitting
189004.965057,0.6149047017097473,30.693239212036133,sitting
189004.97753399998,0.7122676968574524,30.42230796813965,sitting
189004.988846,0.6218770146369934,30.54649543762207,sitting
189005.000817,0.682806134223938,30.18108558654785,sitting
189005.014355,0.7726554870605469,30.58668327331543,sitting
189005.026979,0.7324967980384827,30.65968132019043,sitting
189005.03669299997,0.6232520341873169,30.21047592163086,sitting
189005.05177,0.6326877474784851,30.660667419433594,sitting
189005.060137,0.7374233603477478,30.72900390625,sitting
189005.072451,0.6650187969207764,30.734724044799805,sitting
189005.081632,0.588750422000885,30.565202713012695,sitting
189005.09060099997,0.5584790706634521,30.621294021606445,sitting
189005.10352899999,0.7809986472129822,30.579334259033203,sitting
189005.112917,0.7218379974365234,30.69391441345215,sitting
189005.12714199998,0.6880338191986084,30.592761993408203,sitting
189005.136194,0.6808873414993286,30.442928314208984,sitting
189005.14556399998,0.7243925929069519,30.54756736755371,sitting
189005.15847999998,0.5673692226409912,30.514921188354492,sitting
189005.166634,0.6067561507225037,30.35222816467285,sitting
189005.175831,0.6529152989387512,30.471364974975586,sitting
189005.18514,0.6823545098304749,30.25613784790039,sitting
189005.19530599998,0.7499091029167175,30.343406677246094,sitting
189005.207974,0.8241171836853027,30.490188598632812,sitting
189005.21738199997,0.7405714988708496,30.328676223754883,sitting
189005.22722499998,0.7233642935752869,29.96647834777832,sitting
189005.24227299998,0.7703763246536255,30.249765396118164,sitting
189005.25357799997,0.622543215751648,30.2705135345459,sitting
189005.26422999997,0.7014485597610474,30.46086883544922,sitting
189005.27506699998,0.7295952439308167,30.313472747802734,sitting
189005.289577,0.5803928375244141,29.95722198486328,sitting
189005.302176,0.6013906002044678,29.86802864074707,sitting
189005.31185899998,0.760026216506958,29.905967712402344,sitting
189005.31982799998,0.6615223288536072,30.047164916992188,sitting
189005.33273,0.6450561881065369,30.386024475097656,sitting
189005.34204999998,0.6188218593597412,30.1630802154541,sitting
189005.35374999998,0.5447483658790588,30.018869400024414,sitting
189005.363724,0.6759310960769653,30.428003311157227,sitting
189005.37270399998,0.6031903028488159,30.249248504638672,sitting
189005.384432,0.632077693939209,30.20191192626953,sitting
189005.39320999998,0.7245648503303528,30.404211044311523,sitting
189005.406013,0.6303085684776306,30.817594528198242,sitting
189005.413909,0.678185760974884,30.293989181518555,sitting
189005.42248299997,0.6229944229125977,30.650121688842773,sitting
189005.430387,0.8088108897209167,30.482030868530273,sitting
189005.443428,0.6610807776451111,30.274633407592773,sitting
189005.45185999997,0.6790955066680908,30.447534561157227,sitting
189005.460956,0.6781707406044006,30.625619888305664,sitting
189005.473279,0.6689578294754028,30.42184829711914,sitting
189005.48772399998,0.6759530305862427,30.378660202026367,sitting
189005.49737899998,0.6049129366874695,30.349584579467773,sitting
189005.51040799997,0.6440131664276123,30.244583129882812,sitting
189005.518912,0.7505775094032288,30.13509750366211,sitting
189005.530294,0.6797518730163574,30.73016929626465,sitting
189005.539485,0.6419680118560791,30.02943229675293,sitting
189005.547646,0.7071056365966797,29.850669860839844,sitting
189005.557033,0.5444623827934265,30.285663604736328,sitting
189005.56612399998,0.586140513420105,30.472644805908203,sitting
189005.57553399997,0.7826325297355652,30.31307601928711,sitting
189005.58739899998,0.7004672288894653,29.909509658813477,sitting
189005.59774199998,0.6751466393470764,29.996248245239258,sitting
189005.608904,0.7016422748565674,30.415857315063477,sitting
189005.61935599998,0.649710476398468,30.11360740661621,sitting
189005.63174399998,0.5461704134941101,30.290742874145508,sitting
189005.64126499998,0.7226740121841431,30.07857322692871,sitting
189005.65193899997,0.5314515233039856,30.378997802734375,sitting
189005.66167499998,0.7580317854881287,30.64527702331543,sitting
189005.670215,0.835655689239502,30.06312370300293,sitting
189005.68330499998,0.5441871285438538,30.775171279907227,sitting
189005.69201099998,0.6551172137260437,30.233871459960938,sitting
189005.703712,0.6817473769187927,29.994609832763672,sitting
189005.713655,0.6790686249732971,30.426212310791016,sitting
189005.722675,0.6287518739700317,30.4435977935791,sitting
189005.734626,0.6222091317176819,30.32830810546875,sitting
189005.745187,0.63458251953125,30.32280731201172,sitting
189005.754035,0.6866374015808105,30.326820373535156,sitting
189005.764913,0.6446367502212524,30.013813018798828,sitting
189005.77415699998,0.6028132438659668,30.746795654296875,sitting
189005.783462,0.5748903751373291,30.277027130126953,sitting
189005.795778,0.5931382179260254,30.519901275634766,sitting
189005.804208,0.6997393369674683,30.668107986450195,sitting
189005.815802,0.7573161721229553,30.675643920898438,sitting
189005.82561399997,0.6032528877258301,30.533294677734375,sitting
189005.83710499998,0.6540384888648987,30.376991271972656,sitting
189005.846566,0.6319445967674255,30.448028564453125,sitting
189005.85848199998,0.7650081515312195,30.890491485595703,sitting
189005.868742,0.631718099117279,30.585044860839844,sitting
189005.87868199998,0.6894883513450623,30.890262603759766,sitting
189005.88782099998,0.6180718541145325,30.697166442871094,sitting
189005.89685199998,0.6646140813827515,30.340232849121094,sitting
189005.90603699998,0.5903084874153137,30.662202835083008,sitting
189005.91743499998,0.7035331130027771,30.822568893432617,sitting
189005.927817,0.6937828660011292,30.643962860107422,sitting
189005.939735,0.8446629643440247,30.50637435913086,sitting
189005.952619,0.621265172958374,30.296688079833984,sitting
189005.96272699998,0.7943928241729736,30.605627059936523,sitting
189005.973381,0.6899499893188477,30.487255096435547,sitting
189005.985835,0.5917486548423767,30.167804718017578,sitting
189005.994499,0.6658937335014343,30.751527786254883,sitting
189006.002121,0.5739981532096863,30.565807342529297,sitting
189006.013003,0.6280291676521301,30.301939010620117,sitting
189006.02127199998,0.6574268937110901,30.919401168823242,sitting
189006.03289799998,0.6506500244140625,30.757112503051758,sitting
189006.04161199997,0.6594678163528442,30.566041946411133,sitting
189006.049886,0.6657062768936157,30.659709930419922,sitting
189006.062358,0.6539425849914551,30.774181365966797,sitting
189006.07162099998,0.7307559847831726,30.748319625854492,sitting
189006.084676,0.6778073310852051,30.302001953125,sitting
189006.09444599997,0.6821208596229553,30.519119262695312,sitting
189006.10253099998,0.7022526264190674,30.27665901184082,sitting
189006.11404999997,0.6957879662513733,30.72250747680664,sitting
189006.123704,0.7796323299407959,30.471956253051758,sitting
189006.13412399997,0.5697923302650452,30.3536319732666,sitting
189006.142366,0.7156481742858887,30.62620735168457,sitting
189006.15663299998,0.6662028431892395,30.577123641967773,sitting
189006.165874,0.6305574774742126,30.52174949645996,sitting
189006.17424599998,0.7022229433059692,30.653162002563477,sitting
189006.186516,0.8105614185333252,30.25379180908203,sitting
189006.19619299998,0.7772343754768372,30.69241714477539,sitting
189006.208976,0.5865147113800049,30.308815002441406,sitting
189006.21801699998,0.7626221776008606,30.64914321899414,sitting
189006.231671,0.667862057685852,29.980623245239258,sitting
189006.23916599998,0.7128093242645264,30.388870239257812,sitting
189006.25040299998,0.7191656231880188,30.657609939575195,sitting
189006.26146399998,0.662815511226654,30.26335334777832,sitting
189006.27462799998,0.6001197695732117,29.953777313232422,sitting
189006.283612,0.5913447737693787,30.272464752197266,sitting
189006.292065,0.6584868431091309,30.591197967529297,sitting
189006.30307499997,0.7641926407814026,30.43183708190918,sitting
189006.313963,0.625806450843811,30.159273147583008,sitting
189006.32553799998,0.6325450539588928,30.10458755493164,sitting
189006.33484,0.663296103477478,30.217187881469727,sitting
189006.346112,0.6123765110969543,30.303104400634766,sitting
189006.35486499997,0.6731870770454407,30.2367000579834,sitting
189006.366786,0.6775816082954407,30.059232711791992,sitting
189006.37685399997,0.6603788733482361,30.385549545288086,sitting
189006.38736099997,0.7005660533905029,30.33185386657715,sitting
189006.39587399998,0.7112030386924744,30.362585067749023,sitting
189006.40526899998,0.548695981502533,30.157054901123047,sitting
189006.416856,0.6714925169944763,30.52122688293457,sitting
189006.425723,0.6791643500328064,30.673994064331055,sitting
189006.43460399998,0.630574643611908,30.471372604370117,sitting
189006.44475999998,0.6423607468605042,30.535600662231445,sitting
189006.457703,0.6918504238128662,30.768306732177734,sitting
189006.468016,0.687533438205719,30.40358543395996,sitting
189006.47696099998,0.6553762555122375,30.45183753967285,sitting
189006.48645199998,0.7249754667282104,30.387359619140625,sitting
189006.497779,0.7547042369842529,30.38620376586914,sitting
189006.507154,0.7200985550880432,30.627620697021484,sitting
189006.516721,0.6913420557975769,30.004840850830078,sitting
189006.52828099998,0.71026611328125,30.33366584777832,sitting
189006.53778999997,0.5866321325302124,30.188785552978516,sitting
189006.54898,0.7621405124664307,30.957712173461914,sitting
189006.557947,0.7716169953346252,30.410417556762695,sitting
189006.570935,0.617534339427948,30.476030349731445,sitting
189006.579469,0.6625104546546936,30.401811599731445,sitting
189006.590439,0.7339953780174255,30.16061019897461,sitting
189006.60029399997,0.6983619332313538,29.985567092895508,sitting
189006.61145899998,0.7895896434783936,30.31605339050293,sitting
189006.62106399998,0.7490692138671875,30.578527450561523,sitting
189006.634554,0.7757996916770935,30.327476501464844,sitting
189006.64538099998,0.7987205386161804,30.346208572387695,sitting
189006.657995,0.682515561580658,30.42318344116211,sitting
189006.66735099998,0.718407392501831,30.499303817749023,sitting
189006.677581,0.6997039914131165,30.23919105529785,sitting
189006.686995,0.7084857821464539,30.34975242614746,sitting
189006.696497,0.6670464873313904,30.395599365234375,sitting
189006.702997,0.7033587098121643,30.780961990356445,sitting
189006.71425199998,0.6438923478126526,30.606735229492188,sitting
189006.724168,0.7220859527587891,30.12966537475586,sitting
189006.734515,0.6311812400817871,30.72171401977539,sitting
189006.74349599998,0.7454865574836731,30.797887802124023,sitting
189006.75644499998,0.7325981259346008,30.744543075561523,sitting
189006.76644699997,0.7577901482582092,30.271196365356445,sitting
189006.775551,0.6785337328910828,30.520153045654297,sitting
189006.78689699998,0.7203707098960876,30.649673461914062,sitting
189006.79640899997,0.7740334868431091,30.581249237060547,sitting
189006.8044,0.7882737517356873,30.396499633789062,sitting
189006.81761099998,0.7922162413597107,30.78664207458496,sitting
189006.82774699997,0.6136821508407593,30.50309944152832,sitting
189006.837317,0.7522764205932617,30.5841121673584,sitting
189006.84541299997,0.8002126812934875,30.599037170410156,sitting
189006.85473199998,0.6862688064575195,30.55573844909668,sitting
189006.86741699997,0.764629602432251,30.929719924926758,sitting
189006.876883,0.7882895469665527,31.444665908813477,sitting
189006.88921999998,0.6505721211433411,31.2703914642334,sitting
189006.898394,0.681647002696991,30.854698181152344,sitting
189006.912173,0.6937810778617859,30.34793472290039,sitting
189006.92217399998,0.6719684600830078,30.735685348510742,sitting
189006.93087699998,0.6845493912696838,30.446409225463867,sitting
189006.942671,0.7828437685966492,30.71635627746582,sitting
189006.952244,0.6933831572532654,30.9642391204834,sitting
189006.96085399998,0.6612945199012756,30.627408981323242,sitting
189006.97031499998,0.707664966583252,30.865745544433594,sitting
189006.98419699998,0.679011881351471,30.491544723510742,sitting
189006.993831,0.6998776197433472,30.511825561523438,sitting
189007.006333,0.6320273876190186,30.42555046081543,sitting
189007.015533,0.6978996992111206,30.492704391479492,sitting
189007.024128,0.7446654438972473,30.173982620239258,sitting
189007.03686199998,0.7815948724746704,30.59320068359375,sitting
189007.04738399998,0.614596962928772,30.5990047454834,sitting
189007.057187,0.5880378484725952,30.666921615600586,sitting
189007.066512,0.7413749098777771,30.6632022857666,sitting
189007.080085,0.7143048048019409,30.334318161010742,sitting
189007.090795,0.6483895778656006,30.46190643310547,sitting
189007.10288,0.6490516066551208,30.740270614624023,sitting
189007.11147899998,0.804210364818573,30.76535415649414,sitting
189007.12517599997,0.7153581380844116,30.532678604125977,sitting
189007.13784399998,0.6839383244514465,30.264066696166992,sitting
189007.14798699997,0.7031930088996887,30.28014373779297,sitting
189007.15772999998,0.6905733942985535,30.598434448242188,sitting
189007.17010999998,0.7821708917617798,30.679805755615234,sitting
189007.178517,0.7681739926338196,30.3834285736084,sitting
189007.188516,0.676159143447876,30.2142276763916,sitting
189007.19718699998,0.8042337894439697,30.325340270996094,sitting
189007.207141,0.6603270173072815,30.833372116088867,sitting
189007.217209,0.6698578000068665,30.386194229125977,sitting
189007.227051,0.74088054895401,30.276872634887695,sitting
189007.24032699998,0.6662436127662659,29.995595932006836,sitting
189007.250867,0.6726946830749512,30.462852478027344,sitting
189007.25948399998,0.7250739336013794,30.714088439941406,sitting
189007.27282999997,0.7964863181114197,30.905668258666992,sitting
189007.286531,0.5672626495361328,30.672649383544922,sitting
189007.29694399997,0.6954657435417175,30.188087463378906,sitting
189007.308131,0.7184867262840271,30.17570686340332,sitting
189007.32129899997,0.6978119015693665,30.175657272338867,sitting
189007.331281,0.8289978504180908,30.39313507080078,sitting
189007.34454,0.6897435188293457,30.637649536132812,sitting
189007.35454399997,0.7014826536178589,30.302921295166016,sitting
189007.367435,0.6405794620513916,30.28286361694336,sitting
189007.377989,0.8276731371879578,30.562427520751953,sitting
189007.38795399998,0.6263416409492493,30.467119216918945,sitting
189007.39862199998,0.6102965474128723,30.252267837524414,sitting
189007.40902599998,0.6602157354354858,30.4989013671875,sitting
189007.420667,0.6426569819450378,30.648637771606445,sitting
189007.43,0.6383234858512878,30.857669830322266,sitting
189007.438374,0.547799289226532,30.891725540161133,sitting
189007.450201,0.625390350818634,30.396669387817383,sitting
189007.459159,0.6023791432380676,30.27545738220215,sitting
189007.470939,0.6725682616233826,30.22555923461914,sitting
189007.47965499997,0.6620964407920837,30.377281188964844,sitting
189007.491874,0.7302653193473816,30.60915756225586,sitting
189007.501972,0.665768027305603,30.337621688842773,sitting
189007.51197899997,0.645792543888092,30.607168197631836,sitting
189007.52424799997,0.630925714969635,30.354663848876953,sitting
189007.533126,0.6519255042076111,30.653226852416992,sitting
189007.54116999998,0.6800960898399353,30.419586181640625,sitting
189007.550249,0.5780857801437378,30.687883377075195,sitting
189007.560068,0.7933870553970337,30.601804733276367,sitting
189007.571378,0.6442700028419495,30.051376342773438,sitting
189007.580533,0.6384736895561218,30.302814483642578,sitting
189007.591066,0.680708646774292,30.483327865600586,sitting
189007.600297,0.6802454590797424,30.432645797729492,sitting
189007.611101,0.7741068601608276,30.427082061767578,sitting
189007.62123199998,0.6139835715293884,30.64058494567871,sitting
189007.629096,0.6414149403572083,30.470365524291992,sitting
189007.639707,0.5809001922607422,30.303123474121094,sitting
189007.648528,0.6244158148765564,30.75855827331543,sitting
189007.65913299998,0.5259013772010803,30.490449905395508,sitting
189007.66787499998,0.5712894201278687,30.572505950927734,sitting
189007.676575,0.6889652013778687,30.339994430541992,sitting
189007.68988,0.6100307703018188,30.23111915588379,sitting
189007.699176,0.6160309910774231,29.90435218811035,sitting
189007.710726,0.678199291229248,29.926982879638672,sitting
189007.720512,0.7592124938964844,30.552459716796875,sitting
189007.73335999998,0.6213503479957581,30.447357177734375,sitting
189007.742167,0.6492045521736145,30.518165588378906,sitting
189007.75151399997,0.6574363112449646,30.4749813079834,sitting
189007.760483,0.6329403519630432,30.011205673217773,sitting
189007.767429,0.5977982878684998,30.626726150512695,sitting
189007.77632499998,0.7217696309089661,30.196931838989258,sitting
189007.78456799997,0.6771451830863953,30.242589950561523,sitting
189007.792613,0.7451878786087036,30.139564514160156,sitting
189007.80388,0.6690152287483215,30.206741333007812,sitting
189007.812877,0.5987268686294556,30.188867568969727,sitting
189007.822073,0.6629396677017212,30.4456729888916,sitting
189007.833773,0.7287549376487732,30.77495574951172,sitting
189007.84315499998,0.6964039206504822,30.278162002563477,sitting
189007.856931,0.6826978325843811,30.351947784423828,sitting
189007.86554499998,0.662285327911377,30.254884719848633,sitting
189007.873883,0.6244726777076721,30.47918128967285,sitting
189007.88587199998,0.5240586400032043,30.347257614135742,sitting
189007.893801,0.586715579032898,30.376056671142578,sitting
189007.90472599998,0.6659711599349976,30.181921005249023,sitting
189007.91475,0.7485577464103699,30.749177932739258,sitting
189007.92833099997,0.6688540577888489,30.370214462280273,sitting
189007.93758899998,0.6379729509353638,30.31517219543457,sitting
189007.94864199997,0.5302411317825317,30.35455322265625,sitting
189007.958361,0.6436437368392944,30.241817474365234,sitting
189007.96961799997,0.706148087978363,30.3851261138916,sitting
189007.97910899998,0.5864095091819763,30.05779457092285,sitting
189007.987532,0.6521489024162292,30.169857025146484,sitting
189007.999407,0.6853873133659363,30.20912742614746,sitting
189008.00900199998,0.6760361790657043,30.446352005004883,sitting
189008.019504,0.6422753930091858,30.38690948486328,sitting
189008.02864399998,0.7177456021308899,30.197219848632812,sitting
189008.03923899998,0.595352828502655,30.551698684692383,sitting
189008.049614,0.6172767281532288,30.28891944885254,sitting
189008.05853299997,0.755021870136261,30.213623046875,sitting
189008.07097799997,0.63600093126297,30.27158546447754,sitting
189008.08078599998,0.6324150562286377,30.340614318847656,sitting
189008.09050299998,0.7028042674064636,30.193134307861328,sitting
189008.10359999997,0.6653497219085693,30.24627685546875,sitting
189008.11456599997,0.7083389759063721,30.30794906616211,sitting
189008.124532,0.659440815448761,30.482267379760742,sitting
189008.13530999998,0.6376567482948303,30.669193267822266,sitting
189008.144233,0.6224216818809509,30.58709716796875,sitting
189008.15653399998,0.7373256683349609,30.660690307617188,sitting
189008.16614999998,0.5699519515037537,30.428852081298828,sitting
189008.17534999998,0.6504086852073669,30.551530838012695,sitting
189008.186814,0.635214626789093,30.36968231201172,sitting
189008.19644,0.6219649910926819,30.46113395690918,sitting
189008.20549599998,0.7278273701667786,30.447460174560547,sitting
189008.21870899998,0.644533634185791,30.571033477783203,sitting
189008.22874599998,0.6068328022956848,30.546234130859375,sitting
189008.24138899997,0.6931745409965515,30.73716163635254,sitting
189008.249893,0.7743054032325745,30.279630661010742,sitting
189008.25853499997,0.6109777092933655,30.213558197021484,sitting
189008.267054,0.6047620177268982,30.40789031982422,sitting
189008.27977999998,0.6145623326301575,30.546537399291992,sitting
189008.28958399998,0.7386897206306458,30.695497512817383,sitting
189008.303234,0.5688217878341675,30.50992774963379,sitting
189008.31334599998,0.7063004970550537,30.27064323425293,sitting
189008.324321,0.6994070410728455,30.411640167236328,sitting
189008.33347299998,0.7103977203369141,30.627544403076172,sitting
189008.34355199998,0.6883689165115356,30.488698959350586,sitting
189008.352387,0.7003458738327026,29.913063049316406,sitting
189008.364661,0.6462337374687195,30.334535598754883,sitting
189008.372947,0.6139054298400879,30.675640106201172,sitting
189008.380583,0.654550313949585,30.500885009765625,sitting
189008.391802,0.7157248258590698,30.47863006591797,sitting
189008.40251999997,0.5741748213768005,30.54205322265625,sitting
189008.41576399998,0.6919899582862854,30.56224822998047,sitting
189008.42544199998,0.7165761590003967,30.75527000427246,sitting
189008.43791699997,0.5874354243278503,31.081066131591797,sitting
189008.447915,0.6150736212730408,30.69190216064453,sitting
189008.45786199998,0.6571541428565979,30.665124893188477,sitting
189008.470029,0.6604415774345398,30.370773315429688,sitting
189008.477602,0.6879962682723999,30.319379806518555,sitting
189008.48677999998,0.6139428615570068,30.256589889526367,sitting
189008.49357199998,0.7012345194816589,30.54379653930664,sitting
189008.50182099998,0.6293485164642334,30.878835678100586,sitting
189008.51027899998,0.6991937756538391,30.382158279418945,sitting
189008.5202,0.6289626955986023,30.49802017211914,sitting
189008.52855599998,0.5789021253585815,30.302602767944336,sitting
189008.538262,0.5737055540084839,30.942041397094727,sitting
189008.54705099997,0.7368897795677185,30.425373077392578,sitting
189008.560496,0.6645044088363647,30.714017868041992,sitting
189008.57272499998,0.6461900472640991,30.630407333374023,sitting
189008.582209,0.762576699256897,30.810991287231445,sitting
189008.59511599998,0.684739887714386,30.752538681030273,sitting
189008.603603,0.5947207808494568,30.55670738220215,sitting
189008.614787,0.6248928904533386,30.39177703857422,sitting
189008.623497,0.5836652517318726,30.270912170410156,sitting
189008.63375299997,0.5939297676086426,30.82364273071289,sitting
189008.642195,0.7567835450172424,30.485944747924805,sitting
189008.65125899998,0.7030702829360962,30.711978912353516,sitting
189008.66313799997,0.6857503652572632,30.382278442382812,sitting
189008.67176199998,0.6718077063560486,30.72369956970215,sitting
189008.684197,0.6420972943305969,30.52025032043457,sitting
189008.69339799997,0.6338604688644409,30.3651180267334,sitting
189008.706274,0.634583055973053,30.53542709350586,sitting
189008.716399,0.6922146677970886,30.063758850097656,sitting
189008.725919,0.7473887801170349,30.36756706237793,sitting
189008.74024299998,0.7132861614227295,30.512447357177734,sitting
189008.75012799999,0.6626914143562317,30.201908111572266,sitting
189008.75905999998,0.7223048806190491,30.48436737060547,sitting
189008.77299099998,0.7313333749771118,30.498620986938477,sitting
189008.78424699997,0.6629343032836914,30.617509841918945,sitting
189008.79462399997,0.6805049777030945,30.66826057434082,sitting
189008.80625599998,0.7171875238418579,30.576160430908203,sitting
189008.816788,0.732783854007721,30.470260620117188,sitting
189008.828484,0.6888169646263123,30.44998550415039,sitting
189008.84205099999,0.6713496446609497,30.47606658935547,sitting
189008.852689,0.6721053719520569,30.56220245361328,sitting
189008.862402,0.645561695098877,30.497724533081055,sitting
189008.87461,0.7639179229736328,30.744117736816406,sitting
189008.884027,0.6811282634735107,30.809629440307617,sitting
189008.89357299998,0.7485688328742981,30.5314884185791,sitting
189008.905481,0.6029736995697021,30.717355728149414,sitting
189008.915884,0.6836928129196167,30.422731399536133,sitting
189008.92608799998,0.6601366400718689,30.557777404785156,sitting
189008.93794099998,0.7226031422615051,30.620763778686523,sitting
189008.94830599998,0.5662516951560974,30.309526443481445,sitting
189008.960559,0.7340192198753357,30.424367904663086,sitting
189008.97050999998,0.7924234867095947,30.47304916381836,sitting
189008.981145,0.6641018390655518,30.56236457824707,sitting
189008.99223399998,0.6471437811851501,30.5019474029541,sitting
189009.004432,0.6752151846885681,30.569984436035156,sitting
189009.012662,0.6943548917770386,30.469331741333008,sitting
189009.02162999997,0.7938759922981262,30.415687561035156,sitting
189009.035724,0.6592032313346863,30.612838745117188,sitting
189009.044788,0.7288545370101929,30.552593231201172,sitting
189009.057558,0.6200358271598816,30.692129135131836,sitting
189009.06524099997,0.7717347145080566,30.43631362915039,sitting
189009.076094,0.6693301796913147,30.624807357788086,sitting
189009.08492199998,0.6725897789001465,30.59470558166504,sitting
189009.09793999998,0.6641755700111389,30.710386276245117,sitting
189009.106749,0.6771227717399597,30.44209861755371,sitting
189009.11747599998,0.7239502668380737,30.409404754638672,sitting
189009.128007,0.6102063059806824,30.14029312133789,sitting
189009.13799,0.7130963206291199,30.48792266845703,sitting
189009.147182,0.679297685623169,30.574905395507812,sitting
189009.155901,0.7299302816390991,30.34549331665039,sitting
189009.167968,0.6813768744468689,30.64090919494629,sitting
189009.17616499998,0.7635921835899353,30.737520217895508,sitting
189009.187737,0.7338298559188843,31.06201934814453,sitting
189009.196565,0.7027564644813538,31.386259078979492,sitting
189009.207668,0.6535205245018005,30.77668571472168,sitting
189009.21596399997,0.5787875056266785,30.592653274536133,sitting
189009.22443799998,0.7218120098114014,30.64189910888672,sitting
189009.237817,0.6473006010055542,30.618104934692383,sitting
189009.247308,0.5975462198257446,30.817649841308594,sitting
189009.25597499998,0.663237452507019,30.56004524230957,sitting
189009.26741499998,0.6281986236572266,30.816879272460938,sitting
189009.27628299998,0.619849681854248,30.45870018005371,sitting
189009.286783,0.6953755617141724,30.74088478088379,sitting
189009.29521699998,0.7416667342185974,30.675697326660156,sitting
189009.30485199997,0.7609127163887024,30.47108268737793,sitting
189009.31386599998,0.7016151547431946,30.612287521362305,sitting
189009.32141499998,0.6818929314613342,30.401927947998047,sitting
189009.329568,0.7453314065933228,30.61773681640625,sitting
189009.342472,0.8172180652618408,30.644073486328125,sitting
189009.35216399998,0.7951252460479736,30.904895782470703,sitting
189009.36124899998,0.6994965076446533,30.703332901000977,sitting
189009.37246699998,0.7192684412002563,30.620689392089844,sitting
189009.384865,0.7535221576690674,30.677305221557617,sitting
189009.394534,0.657979428768158,30.605321884155273,sitting
189009.40399,0.6077934503555298,30.67608070373535,sitting
189009.415494,0.6603551506996155,30.737354278564453,sitting
189009.424771,0.7189051508903503,30.422561645507812,sitting
189009.436138,0.7392909526824951,30.447919845581055,sitting
189009.445128,0.6453136205673218,30.745691299438477,sitting
189009.455571,0.6741892695426941,30.75670051574707,sitting
189009.46413299997,0.8125553727149963,30.77104377746582,sitting
189009.47587999998,0.8025107979774475,31.138051986694336,sitting
189009.485493,0.7668077349662781,30.661535263061523,sitting
189009.49520499998,0.7233747243881226,30.990524291992188,sitting
189009.50761099998,0.7351263761520386,30.342994689941406,sitting
189009.51798399998,0.6063060760498047,30.566272735595703,sitting
189009.531142,0.6804599761962891,30.60793113708496,sitting
189009.54023299998,0.7018165588378906,30.754457473754883,sitting
189009.55266299998,0.6880771517753601,30.598651885986328,sitting
189009.56242499998,0.7892084121704102,30.412704467773438,sitting
189009.57259199998,0.5956701040267944,30.424345016479492,sitting
189009.58339299998,0.7151616215705872,30.482357025146484,sitting
189009.59231299997,0.6347664594650269,30.518362045288086,sitting
189009.60277,0.5808246731758118,30.561655044555664,sitting
189009.611882,0.6685236692428589,31.025829315185547,sitting
189009.62263499998,0.6480462551116943,30.59120750427246,sitting
189009.634352,0.7471127510070801,30.677810668945312,sitting
189009.64435,0.6535391211509705,30.42854881286621,sitting
189009.65545299998,0.7541421055793762,30.890182495117188,sitting
189009.66517499997,0.6396793127059937,30.83952522277832,sitting
189009.67359599998,0.6470115184783936,30.588687896728516,sitting
189009.682737,0.8120561838150024,30.518476486206055,sitting
189009.69673,0.6744517087936401,30.6368465423584,sitting
189009.705567,0.6750624179840088,30.733015060424805,sitting
189009.717805,0.568027913570404,30.31412124633789,sitting
189009.72650199998,0.7259138226509094,30.588499069213867,sitting
189009.737769,0.6508828401565552,30.549612045288086,sitting
189009.74704299998,0.6490410566329956,30.352882385253906,sitting
189009.75815799998,0.612373411655426,30.427112579345703,sitting
189009.76580999998,0.6881645917892456,30.6058349609375,sitting
189009.777927,0.6589805483818054,30.3270206451416,sitting
189009.787234,0.6981731057167053,30.651134490966797,sitting
189009.79739899997,0.6400608420372009,30.859477996826172,sitting
189009.809212,0.7072999477386475,30.58757209777832,sitting
189009.81878499998,0.8143069744110107,30.466571807861328,sitting
189009.828568,0.7050254344940186,30.9106502532959,sitting
189009.84212,0.5536865592002869,30.520736694335938,sitting
189009.852051,0.6997201442718506,30.830049514770508,sitting
189009.860069,0.6481261849403381,31.061872482299805,sitting
189009.870959,0.7926233410835266,30.731027603149414,sitting
189009.88121999998,0.6348254680633545,30.84367561340332,sitting
189009.893536,0.7087633609771729,30.855749130249023,sitting
189009.905661,0.6878983974456787,30.8642578125,sitting
189009.916191,0.656417727470398,30.665014266967773,sitting
189009.927497,0.718329131603241,30.630420684814453,sitting
189009.937435,0.7683021426200867,30.792236328125,sitting
189009.951851,0.6826691031455994,30.625154495239258,sitting
189009.959966,0.7349603176116943,30.863859176635742,sitting
189009.972686,0.7771737575531006,30.346864700317383,sitting
189009.98685699998,0.6368035674095154,30.43683624267578,sitting
189009.996945,0.7256695032119751,30.675622940063477,sitting
189010.01121499998,0.5437068343162537,30.51075553894043,sitting
189010.019894,0.7570143342018127,31.09406089782715,sitting
189010.03149599998,0.7540997862815857,30.842159271240234,sitting
189010.040771,0.6576170325279236,30.672548294067383,sitting
189010.05142499998,0.6717457175254822,30.564533233642578,sitting
189010.060329,0.6346566081047058,30.28608512878418,sitting
189010.071099,0.6352460384368896,30.776599884033203,sitting
189010.083606,0.6836990714073181,30.49197769165039,sitting
189010.09205799998,0.5628172755241394,30.56903839111328,sitting
189010.10449799997,0.7125508785247803,30.703598022460938,sitting
189010.11405799998,0.6203590631484985,30.7542781829834,sitting
189010.12449999998,0.6885160207748413,30.766056060791016,sitting
189010.13278999997,0.6259857416152954,30.649946212768555,sitting
189010.14287699998,0.5932940244674683,30.5482177734375,sitting
189010.15123299998,0.6566154956817627,30.441911697387695,sitting
189010.15993599998,0.6472477316856384,30.804275512695312,sitting
189010.171553,0.5892806649208069,30.687713623046875,sitting
189010.179377,0.6268035769462585,30.737499237060547,sitting
189010.189991,0.7182914614677429,30.58591079711914,sitting
189010.198947,0.6547125577926636,30.753232955932617,sitting
189010.205975,0.6203265190124512,30.539817810058594,sitting
189010.21752099998,0.6959285140037537,30.543209075927734,sitting
189010.227562,0.5934463739395142,30.665136337280273,sitting
189010.23920399998,0.7147428393363953,30.391916275024414,sitting
189010.251922,0.677791953086853,30.445030212402344,sitting
189010.25901699997,0.8011528849601746,30.467838287353516,sitting
189010.26827899998,0.7302988171577454,30.654237747192383,sitting
189010.27815499998,0.7443387508392334,30.51008415222168,sitting
189010.295995,0.6303746700286865,30.487228393554688,sitting
189010.307366,0.7083927989006042,30.64000129699707,sitting
189010.318006,0.6429900527000427,30.49856948852539,sitting
189010.32965899998,0.5884242057800293,30.479686737060547,sitting
189010.341207,0.7323530316352844,30.694011688232422,sitting
189010.351462,0.7208349108695984,30.71044921875,sitting
189010.36435699998,0.6222029328346252,30.92605209350586,sitting
189010.37287599998,0.7424982190132141,30.620105743408203,sitting
189010.38632199998,0.5978772640228271,30.572986602783203,sitting
189010.394821,0.7573423385620117,30.56687355041504,sitting
189010.40781499998,0.736345112323761,30.84242820739746,sitting
189010.418492,0.7463579773902893,30.65952491760254,sitting
189010.43192499998,0.6407504677772522,30.766923904418945,sitting
189010.442331,0.660053551197052,30.508867263793945,sitting
189010.45408499998,0.6401932835578918,30.41844940185547,sitting
189010.462366,0.656073272228241,30.384931564331055,sitting
189010.47435799998,0.7079349160194397,30.58939552307129,sitting
189010.484436,0.7242353558540344,30.50307273864746,sitting
189010.494664,0.5522702932357788,30.506925582885742,sitting
189010.50218299998,0.6432540416717529,30.57611656188965,sitting
189010.51092899998,0.6610991358757019,30.596343994140625,sitting
189010.521694,0.6395713686943054,30.252487182617188,sitting
189010.530986,0.622647762298584,30.679195404052734,sitting
189010.54024399997,0.7345091104507446,30.855621337890625,sitting
189010.55361399997,0.6610310077667236,30.18577003479004,sitting
189010.56342199998,0.5997424125671387,30.363754272460938,sitting
189010.572437,0.6738761067390442,30.595195770263672,sitting
189010.58400899998,0.7470238208770752,30.82438850402832,sitting
189010.594979,0.705463171005249,30.28754234313965,sitting
189010.607249,0.655938982963562,30.41543197631836,sitting
189010.61566799998,0.6951866149902344,30.494293212890625,sitting
189010.62554699997,0.6128498911857605,30.34160041809082,sitting
189010.63748799998,0.7287232875823975,30.499649047851562,sitting
189010.64747599998,0.4967006742954254,30.491626739501953,sitting
189010.66016099998,0.7174022793769836,30.443763732910156,sitting
189010.6714,0.7150952816009521,30.63378143310547,sitting
189010.68081199998,0.640225350856781,30.788867950439453,sitting
189010.69287899998,0.6201967000961304,30.70660972595215,sitting
189010.704855,0.6994935274124146,30.85152816772461,sitting
189010.71401199998,0.6378843188285828,30.404699325561523,sitting
189010.724054,0.6646504998207092,30.461341857910156,sitting
189010.73577199999,0.6642331480979919,30.473026275634766,sitting
189010.745706,0.7022426724433899,30.413137435913086,sitting
189010.755717,0.6156275868415833,30.434640884399414,sitting
189010.767757,0.6299707889556885,30.518238067626953,sitting
189010.77716499998,0.7030380964279175,30.428842544555664,sitting
189010.79082499997,0.7055624723434448,30.395259857177734,sitting
189010.804694,0.7331777215003967,30.480470657348633,sitting
189010.81829099997,0.8031763434410095,30.750972747802734,sitting
189010.82791899997,0.5941552519798279,30.66888427734375,sitting
189010.839804,0.5571182370185852,30.421825408935547,sitting
189010.84860199998,0.7160129547119141,30.554807662963867,sitting
189010.858541,0.7211718559265137,30.55370330810547,sitting
189010.86501299997,0.7565729022026062,30.87120819091797,sitting
189010.874379,0.5840701460838318,30.767166137695312,sitting
189010.88537399998,0.628938615322113,30.79513168334961,sitting
189010.89515199998,0.6889294981956482,30.754878997802734,sitting
189010.90436299998,0.6202089190483093,30.70675277709961,sitting
189010.91657899998,0.680751383304596,30.472572326660156,sitting
189010.92700099997,0.7389655113220215,30.512226104736328,sitting
189010.940026,0.7099295258522034,30.57857894897461,sitting
189010.954818,0.6947396397590637,30.33368682861328,sitting
189010.96404499997,0.6376765370368958,30.442703247070312,sitting
189010.97199599998,0.5727259516716003,30.534822463989258,sitting
189010.97782899998,0.6599873304367065,30.50658416748047,sitting
189010.98513,0.7092626690864563,30.33785629272461,sitting
189010.99510899998,0.5675277709960938,30.493492126464844,sitting
189011.007311,0.6377648115158081,30.31329345703125,sitting
189011.016504,0.6859080195426941,30.408035278320312,sitting
189011.02686999997,0.5863904356956482,30.266265869140625,sitting
189011.03921599998,0.697970449924469,30.591157913208008,sitting
189011.05127099997,0.6964297294616699,30.82427215576172,sitting
189011.060202,0.7689948678016663,30.559467315673828,sitting
189011.072138,0.658807635307312,30.501752853393555,sitting
189011.08125999998,0.6673096418380737,30.454729080200195,sitting
189011.093352,0.6227214336395264,30.5772762298584,sitting
189011.102407,0.6272752285003662,30.320838928222656,sitting
189011.113934,0.7522258162498474,30.260061264038086,sitting
189011.123497,0.7046650648117065,30.42572593688965,sitting
189011.13684199998,0.6939111351966858,30.483226776123047,sitting
189011.14546799997,0.7313187718391418,30.822738647460938,sitting
189011.15514699998,0.7234273552894592,30.38969612121582,sitting
189011.16795499998,0.7578960657119751,30.606077194213867,sitting
189011.181028,0.6737629771232605,30.580150604248047,sitting
189011.189413,0.7966904640197754,30.621421813964844,sitting
189011.203109,0.6430861353874207,30.538986206054688,sitting
189011.211801,0.8365217447280884,30.593244552612305,sitting
189011.22412799997,0.7368846535682678,30.738174438476562,sitting
189011.23421499997,0.6259967684745789,30.518339157104492,sitting
189011.24599199998,0.7002567052841187,30.742809295654297,sitting
189011.257418,0.6896877884864807,30.833127975463867,sitting
189011.26682199998,0.7039684057235718,31.088136672973633,sitting
189011.27786899998,0.7529388070106506,30.812265396118164,sitting
189011.28803899998,0.6973588466644287,30.26104164123535,sitting
189011.29794299998,0.7164427638053894,30.551387786865234,sitting
189011.309006,0.7425805926322937,30.515182495117188,sitting
189011.319452,0.609308660030365,30.198474884033203,sitting
189011.32824099998,0.6594607830047607,30.619844436645508,sitting
189011.337328,0.6863592267036438,30.580211639404297,sitting
189011.34629999998,0.71543949842453,30.74394989013672,sitting
189011.35958199998,0.6505396366119385,30.416770935058594,sitting
189011.36768899998,0.7600540518760681,30.397315979003906,sitting
189011.37764899997,0.5711329579353333,30.40924644470215,sitting
189011.39007,0.6512383818626404,30.38641929626465,sitting
189011.398211,0.7259260416030884,30.719709396362305,sitting
189011.410969,0.6291059255599976,30.36933135986328,sitting
189011.419328,0.7503445744514465,30.402124404907227,sitting
189011.430257,0.6909897923469543,30.38303565979004,sitting
189011.441803,0.6144498586654663,30.545026779174805,sitting
189011.45179599998,0.6727091073989868,30.520044326782227,sitting
189011.45936399998,0.5801734328269958,30.427473068237305,sitting
189011.471145,0.7891474366188049,30.69241714477539,sitting
189011.47925099998,0.783515989780426,30.801406860351562,sitting
189011.490669,0.7419266104698181,30.359935760498047,sitting
189011.499946,0.679938554763794,30.613847732543945,sitting
189011.509394,0.7804587483406067,31.13886833190918,sitting
189011.523195,0.7422056198120117,30.523799896240234,sitting
189011.532625,0.6344074010848999,30.478179931640625,sitting
189011.543603,0.696448564529419,30.61516571044922,sitting
189011.549103,0.6331959366798401,30.402822494506836,sitting
189011.55702799998,0.588334858417511,30.391830444335938,sitting
189011.565384,0.7193551659584045,30.331527709960938,sitting
189011.57704499998,0.620923638343811,30.330299377441406,sitting
189011.58827299997,0.794444739818573,30.71333122253418,sitting
189011.601618,0.7030734419822693,30.36249351501465,sitting
189011.61216199998,0.6376641392707825,30.61923599243164,sitting
189011.62240199998,0.5845363736152649,30.44775390625,sitting
189011.63459899998,0.6499794721603394,30.58297348022461,sitting
189011.643968,0.6455008387565613,30.365812301635742,sitting
189011.65313199998,0.5857735276222229,30.34578514099121,sitting
189011.662285,0.6360190510749817,30.831985473632812,sitting
189011.671917,0.6065980792045593,30.50057601928711,sitting
189011.68386699999,0.7233834862709045,30.51710319519043,sitting
189011.69452,0.7752088308334351,31.13425064086914,sitting
189011.70661099997,0.6699306964874268,30.322402954101562,sitting
189011.71732899998,0.6815444231033325,30.35335922241211,sitting
189011.73016699997,0.7085591554641724,30.797473907470703,sitting
189011.73938699998,0.6622439622879028,31.094013214111328,sitting
189011.74911499998,0.6395607590675354,30.646310806274414,sitting
189011.758274,0.6382983922958374,31.022436141967773,sitting
189011.769951,0.6848725080490112,30.74951934814453,sitting
189011.77792899997,0.5979887843132019,30.566720962524414,sitting
189011.787311,0.7567083835601807,30.38812255859375,sitting
189011.79598899998,0.7130783200263977,30.589336395263672,sitting
189011.81007099999,0.6527937650680542,30.727746963500977,sitting
189011.81943499998,0.6849170327186584,30.611379623413086,sitting
189011.830712,0.658318042755127,30.660762786865234,sitting
189011.84012399998,0.6223000288009644,30.678319931030273,sitting
189011.85164699997,0.6076189279556274,30.219593048095703,sitting
189011.86227999997,0.7348799705505371,30.818431854248047,sitting
189011.87132699997,0.652346670627594,30.728042602539062,sitting
189011.883431,0.6848394274711609,30.665149688720703,sitting
189011.89249499998,0.6302297115325928,30.442628860473633,sitting
189011.900566,0.6842432618141174,30.566755294799805,sitting
189011.90700799998,0.8238768577575684,30.58820915222168,sitting
189011.919875,0.7288906574249268,30.632476806640625,sitting
189011.92877,0.6747453808784485,30.787187576293945,sitting
189011.93581599998,0.723930299282074,30.861225128173828,sitting
189011.94908,0.7399073839187622,30.443758010864258,sitting
189011.959166,0.72845059633255,30.857364654541016,sitting
189011.97334899998,0.8025844693183899,31.02021026611328,sitting
189011.982112,0.693665087223053,30.70269203186035,sitting
189011.99030099998,0.677402138710022,30.485939025878906,sitting
189012.000297,0.6507600545883179,30.895217895507812,sitting
189012.00923199998,0.7560855746269226,31.123104095458984,sitting
189012.01918399998,0.7447360754013062,30.97949981689453,sitting
189012.03001199997,0.6091345548629761,30.51399803161621,sitting
189012.038935,0.7399627566337585,30.467267990112305,sitting
189012.05138699998,0.779939591884613,30.715801239013672,sitting
189012.059729,0.7030454874038696,30.623430252075195,sitting
189012.071412,0.5915173292160034,30.918209075927734,sitting
189012.08031899997,0.6459444165229797,30.58251953125,sitting
189012.08910399998,0.6624951958656311,30.264068603515625,sitting
189012.10057799998,0.6897413730621338,30.51786231994629,sitting
189012.10938299997,0.666164755821228,30.56709861755371,sitting
189012.117924,0.7411700487136841,30.467042922973633,sitting
189012.127782,0.6517064571380615,30.575698852539062,sitting
189012.13396699997,0.6087021827697754,30.128143310546875,sitting
189012.142926,0.6695531606674194,30.294273376464844,sitting
189012.153532,0.6558747887611389,30.48175048828125,sitting
189012.162804,0.6941202878952026,30.231178283691406,sitting
189012.17385999998,0.6761472225189209,30.215993881225586,sitting
189012.18319399998,0.6082996726036072,30.506240844726562,sitting
189012.19054799998,0.703702986240387,30.684480667114258,sitting
189012.20284699998,0.6277073621749878,30.61052894592285,sitting
189012.211698,0.5818800926208496,30.151254653930664,sitting
189012.222192,0.6556782126426697,30.462242126464844,sitting
189012.23164299998,0.6930098533630371,30.123525619506836,sitting
189012.243371,0.688296914100647,30.314746856689453,sitting
189012.25344899998,0.562055230140686,30.29347801208496,sitting
189012.261744,0.616935133934021,30.60369300842285,sitting
189012.272046,0.6637307405471802,30.557985305786133,sitting
189012.282713,0.6637622117996216,30.211963653564453,sitting
189012.291466,0.5914109349250793,30.08620262145996,sitting
189012.301461,0.6770321726799011,30.485002517700195,sitting
189012.312049,0.6387641429901123,30.346508026123047,sitting
189012.320755,0.6387094259262085,30.258075714111328,sitting
189012.332707,0.6767367720603943,29.881502151489258,sitting
189012.34219499998,0.7470391988754272,30.28980255126953,sitting
189012.35561199998,0.626893937587738,30.424633026123047,sitting
189012.36491099998,0.7383253574371338,30.048011779785156,sitting
189012.37646899998,0.6286382675170898,30.21377944946289,sitting
189012.38527199998,0.6528370976448059,30.070289611816406,sitting
189012.396232,0.6562421321868896,30.294387817382812,sitting
189012.40527,0.6234360337257385,30.46495246887207,sitting
189012.41758699997,0.6439868211746216,30.018571853637695,sitting
189012.42693699998,0.6015990376472473,30.19986343383789,sitting
189012.43649499997,0.6845011115074158,30.320154190063477,sitting
189012.44580299998,0.6581976413726807,30.443727493286133,sitting
189012.45510199998,0.6078068017959595,30.23956871032715,sitting
189012.46406,0.6590867638587952,30.10210609436035,sitting
189012.472105,0.6468645334243774,30.25676727294922,sitting
189012.47965899998,0.6558584570884705,30.003515243530273,sitting
189012.48793899998,0.4986155927181244,29.976215362548828,sitting
189012.49800999998,0.6077218055725098,30.012800216674805,sitting
189012.50514199998,0.6485757827758789,29.83835220336914,sitting
189012.51298099998,0.6801027059555054,29.75457763671875,sitting
189012.520971,0.5650521516799927,30.215456008911133,sitting
189012.53244699998,0.6641576290130615,30.027135848999023,sitting
189012.54242399998,0.5721765160560608,30.13945198059082,sitting
189012.552501,0.5990443229675293,29.888540267944336,sitting
189012.56207599997,0.6229303479194641,29.91290283203125,sitting
189012.57518299998,0.5395928621292114,29.943445205688477,sitting
189012.58560299998,0.6909689903259277,29.902965545654297,sitting
189012.59800799997,0.6881192922592163,29.760622024536133,sitting
189012.60513699998,0.5237269997596741,29.442228317260742,sitting
189012.613265,0.6271604895591736,29.629915237426758,sitting
189012.623474,0.6555597186088562,29.982912063598633,sitting
189012.629646,0.48433810472488403,29.578115463256836,sitting
189012.637486,0.6057836413383484,29.89752197265625,sitting
189012.650318,0.55706387758255,29.946393966674805,sitting
189012.65973999997,0.5714059472084045,29.950830459594727,sitting
189012.670857,0.599055826663971,29.768871307373047,sitting
189012.680119,0.5105960369110107,29.473373413085938,sitting
189012.690225,0.6230853796005249,29.69434928894043,sitting
189012.699917,0.5001824498176575,29.544116973876953,sitting
189012.711835,0.5360163450241089,29.670772552490234,sitting
189012.71966499998,0.5753951072692871,29.555246353149414,sitting
189012.729856,0.5650460124015808,29.209714889526367,sitting
189012.737218,0.5882600545883179,29.23883056640625,sitting
189012.74757799998,0.6633849143981934,29.782421112060547,sitting
189012.756864,0.6246684789657593,29.665912628173828,sitting
189012.766526,0.5851411819458008,29.500507354736328,sitting
189012.77677,0.5782173275947571,29.39826774597168,sitting
189012.785881,0.6201723217964172,29.6448974609375,sitting
189012.79319199998,0.642595112323761,29.805761337280273,sitting
189012.80361099998,0.6203680038452148,29.597421646118164,sitting
189012.812717,0.6689661145210266,29.481868743896484,sitting
189012.82263699998,0.5986359119415283,29.71306037902832,sitting
189012.835523,0.7151819467544556,29.638092041015625,sitting
189012.84566,0.679654061794281,29.720928192138672,sitting
189012.85561099998,0.602054238319397,29.7117862701416,sitting
189012.86617,0.5308656692504883,29.798725128173828,sitting
189012.875488,0.636820375919342,29.71857452392578,sitting
189012.886799,0.6790491938591003,29.783485412597656,sitting
189012.89687599998,0.6111940145492554,29.583524703979492,sitting
189012.90888899998,0.6854704022407532,29.751310348510742,sitting
189012.91621,0.5980398058891296,29.58605194091797,sitting
189012.92622999998,0.6526601314544678,29.972314834594727,sitting
189012.938547,0.7354488968849182,29.68199348449707,sitting
189012.948147,0.6708933115005493,29.525545120239258,sitting
189012.956205,0.5802969336509705,29.771509170532227,sitting
189012.96448,0.6909255981445312,29.802907943725586,sitting
189012.97466299997,0.6703948378562927,29.832292556762695,sitting
189012.98794899997,0.8490055203437805,29.923137664794922,sitting
189012.99777199997,0.61655193567276,29.616783142089844,sitting
189013.006864,0.6951327323913574,29.917678833007812,sitting
189013.017649,0.6655183434486389,29.673221588134766,sitting
189013.027466,0.744871199131012,29.733503341674805,sitting
189013.03610099998,0.5861262083053589,29.350170135498047,sitting
189013.04819399997,0.7389757037162781,29.696393966674805,sitting
189013.05834999998,0.8530100584030151,29.926393508911133,sitting
189013.06823099998,0.659995436668396,29.74576187133789,sitting
189013.078805,0.6422884464263916,29.480710983276367,sitting
189013.08948599998,0.8422655463218689,29.570661544799805,sitting
189013.10030599998,0.7042996883392334,29.38615608215332,sitting
189013.10849699998,0.7059738039970398,29.963167190551758,sitting
189013.12261299998,0.7975726127624512,29.52067756652832,sitting
189013.13346399998,0.7201402187347412,29.603893280029297,sitting
189013.14705,0.7800560593605042,29.39629364013672,sitting
189013.15746699998,0.7239291667938232,29.651439666748047,sitting
189013.17088199998,0.8121370673179626,29.780305862426758,sitting
189013.17997,0.6637004017829895,29.567907333374023,sitting
189013.190202,0.7614827156066895,29.768564224243164,sitting
189013.19872999997,0.8073420524597168,29.520801544189453,sitting
189013.20846199998,0.7519966959953308,29.734577178955078,sitting
189013.21937799998,0.5767642259597778,29.580869674682617,sitting
189013.22751899998,0.7955633997917175,29.86074447631836,sitting
189013.23695999998,0.6226596236228943,29.534326553344727,sitting
189013.24631,0.6773984432220459,29.771535873413086,sitting
189013.25521799998,0.7731586694717407,29.633737564086914,sitting
189013.269233,0.6832587122917175,29.59421157836914,sitting
189013.27876699998,0.501667857170105,29.778932571411133,sitting
189013.28997699998,0.5994755029678345,29.579635620117188,sitting
189013.29948599997,0.6840354800224304,29.844539642333984,sitting
189013.30719199998,0.6764035224914551,29.582122802734375,sitting
189013.318496,0.7576594352722168,29.83843421936035,sitting
189013.327038,0.7242333292961121,29.714080810546875,sitting
189013.333231,0.587515115737915,29.71483039855957,sitting
189013.341475,0.6989625096321106,29.622421264648438,sitting
189013.35399499998,0.5986961722373962,29.754159927368164,sitting
189013.36715699997,0.6734883785247803,30.252782821655273,sitting
189013.376222,0.558576762676239,29.786165237426758,sitting
189013.38783,0.6752633452415466,30.05826187133789,sitting
189013.397168,0.7651543617248535,29.812437057495117,sitting
189013.410446,0.7189434766769409,29.560197830200195,sitting
189013.419895,0.7435216307640076,29.678539276123047,sitting
189013.42897799998,0.7574055790901184,29.54841423034668,sitting
189013.43656499998,0.7480856776237488,29.765653610229492,sitting
189013.448817,0.7195786833763123,29.625219345092773,sitting
189013.457214,0.6471884846687317,29.653322219848633,sitting
189013.46873099997,0.6175094842910767,29.72785758972168,sitting
189013.47776299997,0.614997923374176,29.626789093017578,sitting
189013.489802,0.7016873955726624,29.846607208251953,sitting
189013.49870599998,0.6757153272628784,29.648035049438477,sitting
189013.50875699997,0.7468323111534119,29.586889266967773,sitting
189013.51892399997,0.6222461462020874,29.684059143066406,sitting
189013.53174799998,0.6857641935348511,29.742361068725586,sitting
189013.54032899998,0.6267650127410889,29.780181884765625,sitting
189013.55122899998,0.7392190098762512,29.859010696411133,sitting
189013.55966499998,0.703048050403595,30.1588191986084,sitting
189013.573114,0.7037295699119568,29.937942504882812,sitting
189013.58221099997,0.5597128868103027,29.7788028717041,sitting
189013.59369299997,0.5804991722106934,29.481571197509766,sitting
189013.60311199998,0.7282997965812683,29.44621467590332,sitting
189013.61342799998,0.6167764067649841,29.864635467529297,sitting
189013.624112,0.6179187297821045,29.858762741088867,sitting
189013.63396399998,0.7254120707511902,29.728940963745117,sitting
189013.647359,0.640230119228363,29.413639068603516,sitting
189013.65647199997,0.6584208011627197,29.64480209350586,sitting
189013.66665099998,0.7714397311210632,29.96087074279785,sitting
189013.675451,0.6834621429443359,29.92022705078125,sitting
189013.685539,0.6183458566665649,29.64716148376465,sitting
189013.691742,0.6655796766281128,29.856809616088867,sitting
189013.697965,0.6268047094345093,29.885513305664062,sitting
189013.710741,0.6656705141067505,29.746999740600586,sitting
189013.722162,0.6966409087181091,30.029367446899414,sitting
189013.731262,0.6241655945777893,29.626224517822266,sitting
189013.740397,0.6011980772018433,29.60004997253418,sitting
189013.75159,0.6490533351898193,29.77227020263672,sitting
189013.760253,0.7238131165504456,29.858652114868164,sitting
189013.770661,0.659993588924408,29.820913314819336,sitting
189013.779552,0.5538379549980164,29.764751434326172,sitting
189013.78858499997,0.740021824836731,29.687000274658203,sitting
189013.797689,0.7270585894584656,29.701642990112305,sitting
189013.808894,0.7265012860298157,29.781431198120117,sitting
189013.82248899998,0.6392394304275513,29.78778648376465,sitting
189013.831613,0.7858922481536865,29.999765396118164,sitting
189013.84266499997,0.6997234225273132,29.762435913085938,sitting
189013.854531,0.5905186533927917,29.728723526000977,sitting
189013.86423699997,0.628393828868866,29.40290069580078,sitting
189013.875568,0.7297275066375732,29.474184036254883,sitting
189013.88506399997,0.6717602014541626,29.465747833251953,sitting
189013.89383599997,0.6315599083900452,29.651714324951172,sitting
189013.90265399998,0.6623260974884033,29.765451431274414,sitting
189013.913866,0.63685142993927,29.401304244995117,sitting
189013.921416,0.730073869228363,29.75836181640625,sitting
189013.93361799998,0.6616814732551575,29.922258377075195,sitting
189013.94293199998,0.7485271692276001,29.92788314819336,sitting
189013.954493,0.6477710604667664,30.01664924621582,sitting
189013.962508,0.7161762714385986,29.833559036254883,sitting
189013.97139299999,0.5750133395195007,29.59694480895996,sitting
189013.97991099997,0.7395646572113037,29.784652709960938,sitting
189013.99052999998,0.7106670141220093,30.22378158569336,sitting
189014.003203,0.6523239612579346,30.067853927612305,sitting
189014.01365299997,0.7492777109146118,29.86820411682129,sitting
189014.02534499997,0.6905814409255981,29.86476707458496,sitting
189014.03316499997,0.6984084844589233,30.160980224609375,sitting
189014.04288599998,0.67691570520401,30.01637840270996,sitting
189014.05128299998,0.6805232763290405,30.015050888061523,sitting
189014.06460299998,0.7532488107681274,29.959213256835938,sitting
189014.074256,0.773929238319397,30.151939392089844,sitting
189014.08464,0.7154354453086853,29.97556495666504,sitting
189014.09656399998,0.6039394736289978,30.416757583618164,sitting
189014.107834,0.6970298886299133,30.154434204101562,sitting
189014.12055499997,0.7925114631652832,30.337182998657227,sitting
189014.12954099997,0.6644167304039001,29.977264404296875,sitting
189014.139707,0.6148051619529724,30.066190719604492,sitting
189014.149641,0.6594839096069336,30.025157928466797,sitting
189014.15896799997,0.688673198223114,29.911029815673828,sitting
189014.17085,0.6499508619308472,30.014238357543945,sitting
189014.18469199998,0.6499694585800171,30.24497413635254,sitting
189014.19480599998,0.7116700410842896,29.89078140258789,sitting
189014.20700899998,0.6692852973937988,30.0341739654541,sitting
189014.21663299997,0.6519529819488525,30.26136016845703,sitting
189014.226943,0.6417502760887146,30.146883010864258,sitting
189014.238445,0.6405473351478577,29.78940773010254,sitting
189014.248467,0.5465549826622009,29.79999351501465,sitting
189014.26128099998,0.7140573263168335,30.10548973083496,sitting
189014.26973499998,0.7176399827003479,30.011655807495117,sitting
189014.280248,0.6996015906333923,29.950332641601562,sitting
189014.294023,0.7792657613754272,30.224834442138672,sitting
189014.305054,0.678434431552887,30.30927085876465,sitting
189014.314406,0.7843064069747925,30.220897674560547,sitting
189014.324207,0.742656946182251,30.191734313964844,sitting
189014.33344699998,0.5707725882530212,29.77239227294922,sitting
189014.343761,0.7426062226295471,30.141481399536133,sitting
189014.35561099998,0.7182055711746216,30.242286682128906,sitting
189014.36547199998,0.6911169290542603,30.2493896484375,sitting
189014.377079,0.6621395349502563,30.194046020507812,sitting
189014.38528999998,0.670567512512207,30.20676040649414,sitting
189014.394652,0.6473474502563477,30.15938377380371,sitting
189014.403238,0.681694507598877,30.248336791992188,sitting
189014.41469499998,0.6667212247848511,30.245664596557617,sitting
189014.42720399998,0.7437683343887329,30.37733268737793,sitting
189014.43598699998,0.7235556840896606,30.213106155395508,sitting
189014.446359,0.7891183495521545,30.100936889648438,sitting
189014.45805999998,0.6482111215591431,30.395156860351562,sitting
189014.46727,0.6948941946029663,30.118192672729492,sitting
189014.479582,0.6886698603630066,30.397544860839844,sitting
189014.48953899997,0.7318459749221802,30.199386596679688,sitting
189014.49799799998,0.6713336110115051,30.493066787719727,sitting
189014.50981,0.5862795114517212,30.357852935791016,sitting
189014.523605,0.782434344291687,30.276283264160156,sitting
189014.53446099997,0.7984849214553833,30.48055076599121,sitting
189014.547783,0.609689474105835,30.636537551879883,sitting
189014.55820499998,0.7618725895881653,30.132186889648438,sitting
189014.57247299998,0.7403712272644043,30.539623260498047,sitting
189014.58234199998,0.6995580792427063,30.234228134155273,sitting
189014.592388,0.8011856079101562,30.543861389160156,sitting
189014.60373499998,0.6102350354194641,30.605030059814453,sitting
189014.611697,0.6053810119628906,30.493459701538086,sitting
189014.62012799998,0.7028251886367798,30.30430030822754,sitting
189014.63001899997,0.7700827121734619,30.55278778076172,sitting
189014.644362,0.7422804832458496,30.244426727294922,sitting
189014.657411,0.7348485589027405,30.427461624145508,sitting
189014.66597899998,0.6554571390151978,30.377500534057617,sitting
189014.67808299998,0.7418131828308105,30.298120498657227,sitting
189014.687075,0.6058158874511719,30.12603759765625,sitting
189014.697283,0.5845957398414612,30.433103561401367,sitting
189014.71082399998,0.6853656768798828,30.197219848632812,sitting
189014.72242099998,0.7090973854064941,30.34550666809082,sitting
189014.732325,0.6120089292526245,30.4744873046875,sitting
189014.743112,0.6135451793670654,30.415050506591797,sitting
189014.755549,0.6346516013145447,30.428625106811523,sitting
189014.767477,0.719954252243042,30.274057388305664,sitting
189014.77631699998,0.6103707551956177,30.356277465820312,sitting
189014.78995699997,0.6377418041229248,30.510400772094727,sitting
189014.80091299998,0.6466006636619568,30.391515731811523,sitting
189014.810925,0.6910568475723267,30.434890747070312,sitting
189014.82476,0.6248980164527893,30.32859230041504,sitting
189014.835528,0.7012388110160828,30.39516830444336,sitting
189014.847632,0.6686156988143921,30.43569564819336,sitting
189014.85538499997,0.6468304991722107,30.447128295898438,sitting
189014.866215,0.752174973487854,30.12406349182129,sitting
189014.877021,0.7218264937400818,30.223773956298828,sitting
189014.887608,0.6642605662345886,30.355419158935547,sitting
189014.898723,0.6615428328514099,30.386245727539062,sitting
189014.91080399998,0.7363706231117249,30.510629653930664,sitting
189014.920211,0.6289663910865784,30.325927734375,sitting
189014.93373,0.7552159428596497,30.60386848449707,sitting
189014.943562,0.6137800216674805,30.468095779418945,sitting
189014.95794999998,0.6711993217468262,30.18278694152832,sitting
189014.96689299998,0.6420227289199829,30.747554779052734,sitting
189014.977173,0.6657350063323975,30.553558349609375,sitting
189014.98942499998,0.59470134973526,30.212080001831055,sitting
189015.00042,0.6282262802124023,30.155574798583984,sitting
189015.01480799998,0.6662468910217285,30.554378509521484,sitting
189015.025779,0.729453980922699,30.46249008178711,sitting
189015.03779899998,0.6342635154724121,30.439472198486328,sitting
189015.04928399998,0.7819393277168274,30.243438720703125,sitting
189015.062836,0.6350878477096558,30.3310546875,sitting
189015.07416599998,0.6081225872039795,30.510391235351562,sitting
189015.08593499998,0.6132612824440002,30.619909286499023,sitting
189015.094096,0.5567904710769653,30.25221824645996,sitting
189015.10178099998,0.6305766105651855,30.59012794494629,sitting
189015.115971,0.5912683606147766,30.496183395385742,sitting
189015.12803199998,0.5538805723190308,30.195714950561523,sitting
189015.139645,0.6639453768730164,30.438074111938477,sitting
189015.152057,0.6782331466674805,30.39354705810547,sitting
189015.16313099998,0.7666006088256836,30.55626106262207,sitting
189015.172726,0.634597659111023,30.350297927856445,sitting
189015.185683,0.7281432151794434,30.743762969970703,sitting
189015.19516499998,0.6330187916755676,30.4805908203125,sitting
189015.20859599998,0.7267283797264099,30.847026824951172,sitting
189015.21764699998,0.6718385219573975,30.96036720275879,sitting
189015.229715,0.7196856737136841,30.844207763671875,sitting
189015.23911899998,0.6825704574584961,30.937524795532227,sitting
189015.25188499998,0.6033191084861755,30.55185890197754,sitting
189015.261545,0.6012833118438721,30.52924919128418,sitting
189015.27332399998,0.71904456615448,30.93980598449707,sitting
189015.286364,0.7444032430648804,30.761043548583984,sitting
189015.30278,0.5914329886436462,30.52276611328125,sitting
189015.315775,0.7061253786087036,30.380359649658203,sitting
189015.326244,0.7498815059661865,30.742460250854492,sitting
189015.33905399998,0.607725977897644,30.576505661010742,sitting
189015.348664,0.6058828830718994,30.78067398071289,sitting
189015.358284,0.6471449732780457,30.64599609375,sitting
189015.37191699998,0.6242501139640808,30.63009262084961,sitting
189015.38588,0.6499798893928528,30.782745361328125,sitting
189015.396896,0.6781749725341797,30.780029296875,sitting
189015.410984,0.801006019115448,30.73615264892578,sitting
189015.42069499998,0.7561584115028381,30.951025009155273,sitting
189015.430967,0.6788889765739441,31.04107093811035,sitting
189015.44520299998,0.8502134084701538,31.221569061279297,sitting
189015.453354,0.6338582038879395,31.310609817504883,sitting
189015.46647299998,0.5951842665672302,30.859785079956055,sitting
189015.475208,0.668059229850769,31.097126007080078,sitting
189015.48722699998,0.7672000527381897,31.051469802856445,sitting
189015.49788799998,0.6473237872123718,30.962980270385742,sitting
189015.509039,0.7287238240242004,30.78830909729004,sitting
189015.515869,0.640572726726532,30.825153350830078,sitting
189015.52286099998,0.7579782605171204,30.48300552368164,sitting
189015.531001,0.7225761413574219,30.72342872619629,sitting
189015.538106,0.6114586591720581,30.72431182861328,sitting
189015.548843,0.5630546808242798,30.61969566345215,sitting
189015.55563299998,0.7337938547134399,30.798587799072266,sitting
189015.56241999997,0.6053724884986877,31.028207778930664,sitting
189015.571205,0.7186667919158936,30.96466064453125,sitting
189015.57831799999,0.7342453598976135,30.845293045043945,sitting
189015.58668799998,0.6763355135917664,31.3298282623291,sitting
189015.598195,0.7224658727645874,30.96061134338379,sitting
189015.606243,0.7600752115249634,31.001651763916016,sitting
189015.615823,0.6816596388816833,31.02140235900879,sitting
189015.625259,0.6739463210105896,31.259641647338867,sitting
189015.637968,0.6204985976219177,30.73221206665039,sitting
189015.645612,0.6177014708518982,30.758562088012695,sitting
189015.65438899997,0.719210147857666,30.8795223236084,sitting
189015.663033,0.707332193851471,30.957611083984375,sitting
189015.675215,0.617031455039978,30.98097038269043,sitting
189015.68787499997,0.6190275549888611,30.576555252075195,sitting
189015.694818,0.7291380167007446,31.016338348388672,sitting
189015.704141,0.6281120777130127,30.849489212036133,sitting
189015.716803,0.6514632105827332,30.532594680786133,sitting
189015.727971,0.6458439826965332,30.422149658203125,sitting
189015.73822499998,0.7285346984863281,30.662817001342773,sitting
189015.74971399998,0.6969718933105469,30.920940399169922,sitting
189015.762875,0.6714462637901306,30.730667114257812,sitting
189015.77298699997,0.6259849071502686,30.854154586791992,sitting
189015.784818,0.6877989172935486,30.8385066986084,sitting
189015.79274799998,0.7169804573059082,30.596906661987305,sitting
189015.800761,0.6580286026000977,30.732431411743164,sitting
189015.811042,0.695904552936554,30.817983627319336,sitting
189015.82240499998,0.5765179991722107,30.55574607849121,sitting
189015.834874,0.6059921383857727,30.502222061157227,sitting
189015.845133,0.6373277902603149,30.751083374023438,sitting
189015.857864,0.8119364976882935,30.88346290588379,sitting
189015.867642,0.5299978852272034,30.686542510986328,sitting
189015.88030299998,0.524380624294281,30.449731826782227,sitting
189015.89158999998,0.552527129650116,30.495100021362305,sitting
189015.90485899997,0.5289900302886963,30.722227096557617,sitting
189015.91785099998,0.5598462224006653,30.163217544555664,sitting
189015.923381,0.6352457404136658,30.809894561767578,sitting
189015.93586099998,0.727660596370697,30.585412979125977,sitting
189015.94573699997,0.6530311703681946,30.52206802368164,sitting
189015.956912,0.6329882740974426,30.55547523498535,sitting
189015.97015799998,0.6790615916252136,30.370759963989258,sitting
189015.982355,0.8527376651763916,30.489274978637695,sitting
189015.99178799998,0.7411685585975647,30.637290954589844,sitting
189016.00535199998,0.6623591184616089,30.704395294189453,sitting
189016.01602399998,0.6512871384620667,30.794189453125,sitting
189016.02600699998,0.6221197843551636,30.612459182739258,sitting
189016.03996,0.7160892486572266,30.545177459716797,sitting
189016.049354,0.6094289422035217,30.7579288482666,sitting
189016.059862,0.6476315855979919,30.731887817382812,sitting
189016.07256099998,0.6392487287521362,30.816160202026367,sitting
189016.082775,0.722786009311676,30.73165512084961,sitting
189016.091605,0.7068626284599304,30.592252731323242,sitting
189016.104279,0.7222124338150024,30.568147659301758,sitting
189016.119961,0.5628455877304077,30.42449378967285,sitting
189016.130358,0.802196204662323,30.80108070373535,sitting
189016.14011699997,0.6755163669586182,30.598634719848633,sitting
189016.15217999998,0.6923813819885254,30.439128875732422,sitting
189016.16467499998,0.6140339970588684,30.33563995361328,sitting
189016.17793099998,0.7041149139404297,30.60352325439453,sitting
189016.18668599997,0.6770359873771667,30.63034439086914,sitting
189016.19863099998,0.6465989351272583,30.700191497802734,sitting
189016.20826599997,0.6683263778686523,31.17306900024414,sitting
189016.222349,0.6761798858642578,30.40821647644043,sitting
189016.23259899998,0.7244377136230469,30.450870513916016,sitting
189016.242098,0.7269026041030884,30.853775024414062,sitting
189016.25646099998,0.7215888500213623,30.78441619873047,sitting
189016.26659999997,0.7929503917694092,31.10389518737793,sitting
189016.27961,0.7432361245155334,30.951969146728516,sitting
189016.28873099998,0.7178835868835449,30.624656677246094,sitting
189016.299018,0.6447148323059082,30.486162185668945,sitting
189016.312221,0.63310706615448,30.756969451904297,sitting
189016.32377599998,0.7160610556602478,30.59964942932129,sitting
189016.337554,0.6959269046783447,30.860305786132812,sitting
189016.350017,0.6405858397483826,30.290979385375977,sitting
189016.36055299998,0.6220274567604065,30.348726272583008,sitting
189016.3749,0.7277848124504089,30.460355758666992,sitting
189016.39056,0.6982882618904114,30.643823623657227,sitting
189016.403745,0.7293776273727417,30.626325607299805,sitting
189016.41171999997,0.5798749327659607,30.27524757385254,sitting
189016.42193799998,0.7087429761886597,30.747028350830078,sitting
189016.43634,0.6585754752159119,31.070524215698242,sitting
189016.450452,0.6965451836585999,30.890172958374023,sitting
189016.46170699998,0.61911541223526,30.690778732299805,sitting
189016.47206,0.7687236070632935,30.718753814697266,sitting
189016.48499499998,0.6346609592437744,30.261110305786133,sitting
189016.49579299998,0.661442756652832,30.517118453979492,sitting
189016.508229,0.661175549030304,30.911914825439453,sitting
189016.51725799998,0.6178412437438965,30.720767974853516,sitting
189016.527231,0.7136695384979248,30.587905883789062,sitting
189016.538285,0.6164637804031372,30.652883529663086,sitting
189016.548471,0.5571153163909912,30.504365921020508,sitting
189016.561298,0.6094967722892761,30.651723861694336,sitting
189016.57306599998,0.5635601282119751,30.490018844604492,sitting
189016.58308299998,0.7003317475318909,30.8034610748291,sitting
189016.59671699998,0.5598160028457642,30.550962448120117,sitting
189016.60752899997,0.5971763134002686,30.625925064086914,sitting
189016.61827699997,0.6895432472229004,30.656618118286133,sitting
189016.63176299998,0.5171927809715271,30.55028533935547,sitting
189016.644925,0.6075654625892639,30.46502685546875,sitting
189016.655458,0.5279484987258911,30.282306671142578,sitting
189016.66931599998,0.6655026078224182,30.861360549926758,sitting
189016.680752,0.64010089635849,30.619400024414062,sitting
189016.69118599998,0.740368664264679,30.537761688232422,sitting
189016.70497,0.6110976338386536,30.500991821289062,sitting
189016.716715,0.613563597202301,30.991975784301758,sitting
189016.72746599998,0.7732858061790466,30.616851806640625,sitting
189016.73982,0.6401299834251404,30.502195358276367,sitting
189016.75047799997,0.6460016965866089,30.781105041503906,sitting
189016.76188399998,0.6163805723190308,30.630535125732422,sitting
189016.77308599997,0.742708146572113,30.7608585357666,sitting
189016.78822199997,0.7261054515838623,30.86004638671875,sitting
189016.796828,0.6681966781616211,30.64229965209961,sitting
189016.80813899997,0.803101658821106,31.01677894592285,sitting
189016.81928,0.6862255334854126,30.844511032104492,sitting
189016.82954699997,0.661557674407959,30.82086753845215,sitting
189016.84101899998,0.5957539677619934,30.393657684326172,sitting
189016.85175899998,0.63776034116745,30.789854049682617,sitting
189016.86317,0.6201996803283691,30.992191314697266,sitting
189016.87500399997,0.6880491375923157,30.697998046875,sitting
189016.88848899998,0.6783462762832642,30.760765075683594,sitting
189016.89796899998,0.6446555256843567,30.503948211669922,sitting
189016.91123,0.6791675090789795,30.804428100585938,sitting
189016.92407399998,0.6559211015701294,30.9117431640625,sitting
189016.93366399998,0.8004255890846252,30.9260196685791,sitting
189016.94626899998,0.5657275915145874,30.966516494750977,sitting
189016.95742599998,0.6399832963943481,30.868515014648438,sitting
189016.97030599997,0.6545295119285583,30.776079177856445,sitting
189016.977204,0.6582460999488831,30.473228454589844,sitting
189016.984668,0.6559741497039795,30.690227508544922,sitting
189016.992503,0.5453431010246277,30.709148406982422,sitting
189017.005927,0.6119275093078613,30.78169822692871,sitting
189017.019427,0.6861608028411865,30.81099510192871,sitting
189017.028749,0.6809262633323669,31.10381507873535,sitting
189017.03919299998,0.7238110303878784,30.96327781677246,sitting
189017.05407299998,0.7815465331077576,30.996166229248047,sitting
189017.06229799998,0.6647491455078125,30.88495445251465,sitting
189017.072237,0.7319449782371521,30.92156982421875,sitting
189017.084993,0.6657079458236694,30.955913543701172,sitting
189017.093011,0.7226216793060303,30.960281372070312,sitting
189017.101232,0.7177342772483826,30.859315872192383,sitting
189017.11395099998,0.6317847967147827,31.048742294311523,sitting
189017.124467,0.6919999122619629,31.0491886138916,sitting
189017.13499199998,0.7311719059944153,30.930679321289062,sitting
189017.14823199998,0.7719795107841492,30.923433303833008,sitting
189017.158194,0.5455136895179749,30.726009368896484,sitting
189017.167856,0.7055864930152893,30.839567184448242,sitting
189017.18168699997,0.6803275942802429,30.8658504486084,sitting
189017.193389,0.6266655921936035,30.64087677001953,sitting
189017.20616899998,0.67400723695755,31.254819869995117,sitting
189017.220342,0.7591573596000671,31.21762466430664,sitting
189017.232615,0.612139880657196,30.95844268798828,sitting
189017.246983,0.6225951910018921,30.861623764038086,sitting
189017.25788299998,0.6093496680259705,31.030166625976562,sitting
189017.268605,0.6543906927108765,31.105562210083008,sitting
189017.279777,0.5739867091178894,30.871597290039062,sitting
189017.288289,0.6306607127189636,30.606098175048828,sitting
189017.30031899997,0.6047070026397705,30.70262908935547,sitting
189017.311533,0.7602103352546692,30.91324806213379,sitting
189017.32522499998,0.7304156422615051,31.113187789916992,sitting
189017.335322,0.6893481612205505,30.85942268371582,sitting
189017.34687699997,0.804729163646698,30.95623207092285,sitting
189017.354012,0.7347084879875183,31.139684677124023,sitting
189017.36487,0.6251972913742065,30.8934268951416,sitting
189017.377712,0.7527584433555603,30.963462829589844,sitting
189017.38706299997,0.6791568398475647,30.943429946899414,sitting
189017.399743,0.6438261866569519,31.073495864868164,sitting
189017.4111,0.6351346373558044,30.998899459838867,sitting
189017.423395,0.5938102602958679,30.8667049407959,sitting
189017.437312,0.6846451759338379,30.790077209472656,sitting
189017.44748899998,0.5863392949104309,30.64542579650879,sitting
189017.46127899998,0.6064882874488831,30.743417739868164,sitting
189017.47015799998,0.7114694714546204,30.90601921081543,sitting
189017.48342899999,0.7237370610237122,30.739349365234375,sitting
189017.493101,0.6763192415237427,31.038175582885742,sitting
189017.506119,0.6876969337463379,31.06153678894043,sitting
189017.51734599998,0.6645118594169617,31.136558532714844,sitting
189017.52781499998,0.8004862070083618,31.297948837280273,sitting
189017.541293,0.6736083030700684,31.320810317993164,sitting
189017.55137099998,0.6769277453422546,31.014333724975586,sitting
189017.56487899998,0.7267409563064575,30.982603073120117,sitting
189017.57488799997,0.7737069725990295,31.14212417602539,sitting
189017.58683699998,0.6291723251342773,30.97893524169922,sitting
189017.597502,0.6437718272209167,30.914718627929688,sitting
189017.606829,0.7287524938583374,30.48098373413086,sitting
189017.618042,0.5892865061759949,30.639713287353516,sitting
189017.62800099998,0.5741384625434875,30.41089630126953,sitting
189017.64078699998,0.6648283004760742,29.890302658081055,sitting
189017.65516,0.99,17.07027816772461,sitting
189017.666446,0.6733460426330566,18.10000991821289,sitting
189017.679743,0.6975737810134888,19.344921112060547,sitting
189017.692438,0.7164775133132935,19.639915466308594,sitting
189017.70203599997,0.6282216906547546,20.179880142211914,sitting
189017.714064,0.905715823173523,21.51805877685547,sitting
189017.72593299998,0.6527800559997559,21.738346099853516,sitting
189017.73764799998,0.470856636762619,21.60654067993164,sitting
189017.75164899998,0.6171205639839172,23.078454971313477,sitting
189017.76322899997,0.5247883796691895,22.968555450439453,sitting
189017.77614399997,0.8439947366714478,22.93148422241211,sitting
189017.78878499998,0.573009192943573,22.692819595336914,sitting
189017.80180199997,0.40493202209472656,22.710914611816406,sitting
189017.81381199998,0.6901613473892212,22.461599349975586,sitting
189017.826744,0.42794889211654663,22.536916732788086,sitting
189017.84277199997,0.47906652092933655,22.753398895263672,sitting
189017.85916899997,0.6126251220703125,22.999042510986328,sitting
189017.87468799998,0.44094318151474,22.774377822875977,sitting
189017.89213599998,0.5903643369674683,22.657827377319336,sitting
189017.90663699998,0.588296115398407,21.801061630249023,sitting
189017.922043,0.5450694561004639,23.25565528869629,sitting
189017.940564,0.37808874249458313,22.70608139038086,sitting
189017.957198,0.5106279850006104,22.62986183166504,sitting
189017.970534,0.5027809143066406,21.97748374938965,sitting
189017.98674999998,0.599000871181488,22.850261688232422,sitting
189017.99999299998,0.44643211364746094,22.611675262451172,sitting
189018.01575299999,0.48208925127983093,22.36947250366211,sitting
189018.03236299998,0.46632838249206543,23.26772689819336,sitting
189018.04819499998,0.5118033289909363,23.235105514526367,sitting
189018.058256,0.4886603057384491,22.978361129760742,sitting
189018.06930499998,0.4896557927131653,22.777822494506836,sitting
189018.08613399998,0.6865549087524414,23.023357391357422,sitting
189018.09962599998,0.4482569992542267,22.872304916381836,sitting
189018.11111499998,0.5141986608505249,22.99601173400879,sitting
189018.126963,0.3744763135910034,22.560291290283203,sitting
189018.14017499998,0.4283132255077362,23.651344299316406,sitting
189018.152492,0.4322778880596161,24.594816207885742,sitting
189018.16785,0.6775881998292157,34.436038970947266,sitting
189018.18098499998,0.6488547325134277,34.36731719970703,sitting
189018.19321099998,0.6939038634300232,34.197139739990234,sitting
189018.20885899998,0.6979742050170898,33.996063232421875,sitting
189018.22321999999,0.6232031583786011,33.48958206176758,sitting
189018.23679999998,0.6602292060852051,33.226470947265625,sitting
189018.252166,0.6470193266868591,33.70372772216797,sitting
189018.263312,0.5383270978927612,33.56795883178711,sitting
189018.277316,0.6351453065872192,34.04354476928711,sitting
189018.28948699997,0.5256185531616211,33.304744720458984,sitting
189018.30437,0.525055468082428,33.44560241699219,sitting
189018.31639,0.6594494581222534,33.056636810302734,sitting
189018.32785499998,0.603634774684906,33.68117141723633,sitting
189018.343164,0.0,0.0,sitting
189018.36017799997,0.0,0.0,sitting
189018.37652999998,0.0,0.0,sitting
189018.394451,0.0,0.0,sitting
189018.40585699998,0.0,0.0,sitting
189018.418664,0.916141653086394,16.822233200073242,sitting
189018.443973,0.99,11.424772262573242,sitting
189018.475087,0.0,0.0,sitting
189018.499873,0.0,40.298004150390625,sitting
189018.54707399997,0.6673363967318733,21.92746925354004,sitting
189018.575522,0.5462889724476656,29.12202262878418,sitting
189018.602734,0.99,15.689728736877441,sitting
189018.636584,0.8307324647903442,16.569934844970703,sitting
189018.645936,0.8461869955062866,18.087535858154297,sitting
189018.65876599998,0.7923328280448914,19.728376388549805,sitting
189018.669347,0.5527539253234863,19.721710205078125,sitting
189018.68689399998,0.8730600476264954,20.963825225830078,sitting
189018.69777499998,0.618157148361206,20.8576602935791,sitting
189018.71992499998,0.6071026921272278,20.86639404296875,sitting
189018.742847,0.6521064043045044,20.56924819946289,sitting
189018.768682,0.6325095295906067,21.42237091064453,sitting
189018.79022,0.7066553831100464,21.42340087890625,sitting
189018.801541,0.6855640411376953,21.367103576660156,sitting
189018.824309,0.7482873797416687,21.696819305419922,sitting
189018.836935,0.8831913471221924,21.922983169555664,sitting
189018.84779799997,0.6668630838394165,22.7735595703125,sitting
189018.86188399998,0.48377716541290283,22.74209213256836,sitting
189018.878745,0.4727841913700104,22.299036026000977,sitting
189018.89228,0.5634514093399048,22.17138671875,sitting
189018.909176,0.5389483571052551,23.560447692871094,sitting
189018.92548799998,0.41024595499038696,24.13273048400879,sitting
189018.93792,0.34563884139060974,23.333311080932617,sitting
189018.951977,0.99,14.74148941040039,sitting
189018.96315599998,0.7629315853118896,16.15030288696289,sitting
189018.97872599997,0.9093591570854187,16.887081146240234,sitting
189018.991239,0.6567809581756592,17.68779754638672,sitting
189019.004349,0.5310341119766235,17.310611724853516,sitting
189019.02130499997,0.6382935047149658,19.5396785736084,sitting
189019.03820299997,0.6903558969497681,20.722007751464844,sitting
189019.05133999998,0.42255547642707825,20.732553482055664,sitting
189019.06653399998,0.5130080580711365,21.80724334716797,sitting
189019.085115,0.736771821975708,22.097026824951172,sitting
189019.09511999998,0.5095281004905701,22.6149845123291,sitting
189019.112775,0.5785155296325684,22.845380783081055,sitting
189019.12713699997,0.6970391273498535,22.901575088500977,sitting
189019.14338099997,0.36635780334472656,22.29849624633789,sitting
189019.159839,0.5401894450187683,22.71959114074707,sitting
189019.17364599998,0.4613650441169739,22.679121017456055,sitting
189019.190178,0.0,0.0,sitting
189019.205422,0.99,14.839595794677734,sitting
189019.22767599998,0.646647572517395,15.62708568572998,sitting
189019.24037699998,0.5379976630210876,16.787155151367188,sitting
189019.258044,0.6782841682434082,17.314952850341797,sitting
189019.26934499998,0.692833423614502,17.44563102722168,sitting
189019.286092,0.677979052066803,18.46221923828125,sitting
189019.29896599997,0.7677978277206421,18.46365737915039,sitting
189019.308746,0.7723417282104492,19.76388168334961,sitting
189019.323817,0.5704545974731445,20.471860885620117,sitting
189019.34000999999,0.9100072383880615,21.285812377929688,sitting
189019.34792799997,0.44349369406700134,21.60757064819336,sitting
189019.36406199998,0.652320146560669,21.709375381469727,sitting
189019.37727099998,0.5979305505752563,21.73466682434082,sitting
189019.39492299999,0.6010470390319824,22.178577423095703,sitting
189019.41275,0.6855311393737793,21.598691940307617,sitting
189019.42680699998,0.5656827688217163,22.191783905029297,sitting
189019.440332,0.5518988966941833,21.954830169677734,sitting
189019.45377499997,0.0,0.0,sitting
189019.488888,0.0,0.0,sitting
189019.50449899997,0.614542700122059,36.92023849487305,sitting
189019.526338,0.0,0.0,sitting
189019.54468999998,0.7897718967564822,28.994823455810547,sitting
189019.55762299997,0.862113248885605,27.407983779907227,sitting
189019.57490299997,0.893928050994873,29.392417907714844,sitting
189019.588153,0.7873174548149109,31.031064987182617,sitting
189019.597182,0.8356353640556335,31.107419967651367,sitting
189019.610448,0.6957648396492004,30.78285026550293,sitting
189019.62449,0.6604043245315552,30.601850509643555,sitting
189019.640349,0.7849746942520142,30.572765350341797,sitting
189019.64961999998,0.6966724395751953,30.54306983947754,sitting
189019.664253,0.680557131767273,29.945878982543945,sitting
189019.67742999998,0.577788770198822,29.80126953125,sitting
189019.69227399997,0.7234249114990234,30.446285247802734,sitting
189019.70266799998,0.7019681334495544,30.316987991333008,sitting
189019.714209,0.7609439492225647,30.478975296020508,sitting
189019.72430399997,0.6882882118225098,30.25383186340332,sitting
189019.74174499998,0.6917038559913635,30.29014778137207,sitting
189019.755702,0.7455524802207947,30.340192794799805,sitting
189019.768288,0.8589158654212952,30.381851196289062,sitting
189019.77797199998,0.7795032858848572,30.284366607666016,sitting
189019.79071799997,0.8537602424621582,30.2944278717041,sitting
189019.799389,0.752868115901947,30.300607681274414,sitting
189019.81067099998,0.7819154858589172,30.590349197387695,sitting
189019.82121599998,0.8339724540710449,30.20996856689453,sitting
189019.834426,0.7595511674880981,30.06989097595215,sitting
189019.85058099998,0.7916485071182251,30.209383010864258,sitting
189019.86166999998,0.8062686324119568,29.98052215576172,sitting
189019.87570099998,0.7811110019683838,29.634437561035156,sitting
189019.885946,0.7920590043067932,29.68181800842285,sitting
189019.899744,0.8645442724227905,29.883438110351562,sitting
189019.90921999997,0.8066886067390442,29.59647560119629,sitting
189019.92278999998,0.8336308598518372,29.668569564819336,sitting
189019.931655,0.8666707277297974,29.93266487121582,sitting
189019.94328399998,0.8626145720481873,29.602092742919922,sitting
189019.95295799998,0.7940605878829956,29.695098876953125,sitting
189019.965382,0.7093614339828491,29.22049331665039,sitting
189019.975129,0.6898835897445679,29.25461769104004,sitting
189019.99406499998,0.7498652338981628,29.388357162475586,sitting
189020.003874,0.7269497513771057,29.412109375,sitting
189020.017585,0.699609100818634,29.279714584350586,sitting
189020.03876499998,0.7668254971504211,29.44923973083496,sitting
189020.04811899998,0.7531307935714722,29.718774795532227,sitting
189020.05928199997,0.7543138861656189,29.307125091552734,sitting
189020.06810399998,0.7552230954170227,29.27663230895996,sitting
189020.08072499998,0.7488977909088135,28.940265655517578,sitting
189020.09126999998,0.6901768445968628,29.06402015686035,sitting
189020.113097,0.7786890268325806,28.847890853881836,sitting
189020.12197399998,0.7234242558479309,28.716915130615234,sitting
189020.134095,0.8657575249671936,29.095312118530273,sitting
189020.145181,0.9018232822418213,29.147552490234375,sitting
189020.15821999998,0.7362449169158936,28.82794952392578,sitting
189020.170789,0.7909935116767883,28.492290496826172,sitting
189020.18044999999,0.7455371618270874,28.39658546447754,sitting
189020.190099,0.8274977803230286,28.446378707885742,sitting
189020.20219399998,0.511025071144104,29.471628189086914,sitting
189020.21881599998,0.44285669922828674,29.32056427001953,sitting
189020.240433,0.6790054440498352,28.509822845458984,sitting
189020.259391,0.8052182197570801,28.736196517944336,sitting
189020.27424499998,0.7377902865409851,28.27382469177246,sitting
189020.28591699997,0.8380623459815979,28.119789123535156,sitting
189020.29510599998,0.816845715045929,28.300662994384766,sitting
189020.31451,0.7627617120742798,28.554954528808594,sitting
189020.323263,0.7175167202949524,28.294971466064453,sitting
189020.33536099998,0.7849870324134827,28.388010025024414,sitting
189020.344556,0.8139529824256897,28.069534301757812,sitting
189020.354169,0.8122175335884094,28.111604690551758,sitting
189020.36709299998,0.7653355598449707,28.644468307495117,sitting
189020.376884,0.7506889700889587,28.43886375427246,sitting
189020.389275,0.7935470938682556,28.202280044555664,sitting
189020.40013899998,0.8799294233322144,28.32192611694336,sitting
189020.40810499998,0.6995483636856079,28.173635482788086,sitting
189020.42701999997,0.8293866515159607,27.717527389526367,sitting
189020.43502399998,0.7967435717582703,28.28294563293457,sitting
189020.44506799997,0.7857300043106079,28.188262939453125,sitting
189020.45771,0.852196991443634,28.531660079956055,sitting
